0 999
1 998
2 997
3 996
4 995
5 994
6 993
7 992
8 991
9 990
10 989
11 988
12 987
13 986
14 985
15 984
16 983
17 982
18 981
19 980
20 979
21 978
22 977
23 976
24 975
25 974
26 973
27 972
28 971
29 970
30 969
31 968
32 968
33 967
34 966
35 965
36 964
37 963
38 962
39 961
40 960
41 959
42 959
43 958
44 957
45 956
46 955
47 954
48 953
49 952
50 951
51 950
52 949
53 948
54 947
55 946
56 945
57 944
58 943
59 942
60 941
61 940
62 939
63 938
64 937
65 936
66 935
67 934
68 933
69 932
70 931
71 930
72 929
73 928
74 927
75 926
76 925
77 924
78 923
79 922
80 921
81 920
82 919
83 918
84 917
85 916
86 916
87 915
88 914
89 913
90 913
91 912
92 911
93 910
94 909
95 908
96 907
97 906
98 905
99 904
100 903
101 902
102 901
103 900
104 899
105 898
106 897
107 896
108 895
109 895
110 894
111 893
112 892
113 891
114 890
115 889
116 888
117 887
118 886
119 885
120 884
121 883
122 882
123 882
124 881
125 880
126 879
127 879
128 879
129 878
130 877
131 876
132 875
133 874
134 873
135 872
136 871
137 870
138 869
139 868
140 867
141 867
142 866
143 865
144 864
145 863
146 863
147 862
148 861
149 860
150 859
151 858
152 858
153 857
154 856
155 855
156 854
157 853
158 852
159 851
160 850
161 849
162 848
163 847
164 846
165 845
166 844
167 843
168 842
169 841
170 840
171 839
172 838
173 837
174 836
175 835
176 834
177 833
178 832
179 831
180 830
181 829
182 828
183 827
184 827
185 826
186 825
187 824
188 823
189 822
190 822
191 821
192 820
193 819
194 819
195 818
196 817
197 816
198 815
199 814
200 813
201 812
202 811
203 811
204 810
205 809
206 809
207 808
208 807
209 806
210 805
211 805
212 805
213 804
214 803
215 802
216 801
217 801
218 800
219 799
220 798
221 797
222 796
223 795
224 794
225 793
226 792
227 791
228 790
229 789
230 788
231 787
232 786
233 785
234 784
235 783
236 782
237 781
238 780
239 779
240 779
241 778
242 777
243 776
244 776
245 775
246 774
247 773
248 773
249 772
250 771
251 770
252 769
253 768
254 767
255 766
256 765
257 764
258 763
259 762
260 761
261 761
262 760
263 759
264 758
265 757
266 756
267 755
268 754
269 753
270 753
271 752
272 751
273 750
274 750
275 750
276 750
277 749
278 748
279 748
280 747
281 746
282 746
283 745
284 744
285 744
286 743
287 742
288 741
289 740
290 740
291 739
292 738
293 738
294 737
295 736
296 736
297 735
298 735
299 734
300 733
301 733
302 733
303 733
304 732
305 732
306 731
307 730
308 729
309 728
310 728
311 727
312 726
313 726
314 725
315 724
316 723
317 722
318 721
319 720
320 719
321 718
322 718
323 718
324 718
325 717
326 716
327 715
328 715
329 714
330 713
331 712
332 711
333 711
334 710
335 709
336 708
337 707
338 706
339 705
340 704
341 703
342 703
343 702
344 702
345 702
346 701
347 700
348 700
349 699
350 698
351 698
352 697
353 696
354 696
355 695
356 695
357 694
358 693
359 693
360 692
361 691
362 690
363 690
364 689
365 688
366 688
367 688
368 687
369 686
370 686
371 685
372 685
373 684
374 684
375 683
376 682
377 681
378 680
379 680
380 679
381 678
382 677
383 677
384 676
385 676
386 675
387 674
388 673
389 673
390 673
391 673
392 672
393 672
394 672
395 671
396 670
397 669
398 668
399 667
400 666
401 666
402 666
403 665
404 664
405 664
406 664
407 663
408 662
409 662
410 661
411 660
412 659
413 659
414 658
415 657
416 656
417 655
418 654
419 654
420 654
421 654
422 653
423 652
424 651
425 651
426 650
427 649
428 649
429 648
430 647
431 647
432 647
433 647
434 646
435 645
436 645
437 645
438 645
439 644
440 643
441 643
442 642
443 641
444 640
445 639
446 639
447 638
448 637
449 637
450 636
451 635
452 635
453 634
454 633
455 632
456 632
457 631
458 631
459 631
460 630
461 629
462 628
463 627
464 626
465 626
466 625
467 625
468 624
469 624
470 623
471 622
472 622
473 621
474 621
475 620
476 619
477 618
478 618
479 617
480 616
481 615
482 614
483 613
484 612
485 612
486 612
487 611
488 611
489 610
490 610
491 609
492 608
493 607
494 607
495 606
496 606
497 605
498 605
499 604
500 603
501 603
502 603
503 602
504 602
505 602
506 602
507 602
508 602
509 601
510 600
511 600
512 599
513 598
514 597
515 597
516 596
517 595
518 595
519 594
520 594
521 593
522 592
523 592
524 591
525 591
526 590
527 589
528 588
529 587
530 587
531 586
532 586
533 586
534 586
535 586
536 585
537 585
538 585
539 584
540 583
541 583
542 582
543 581
544 580
545 579
546 579
547 578
548 577
549 577
550 577
551 577
552 576
553 575
554 575
555 574
556 574
557 573
558 573
559 573
560 572
561 571
562 570
563 570
564 569
565 568
566 568
567 568
568 568
569 568
570 567
571 566
572 566
573 566
574 565
575 564
576 563
577 563
578 562
579 561
580 560
581 559
582 558
583 557
584 556
585 556
586 555
587 555
588 555
589 554
590 554
591 554
592 554
593 554
594 553
595 552
596 551
597 551
598 550
599 550
600 549
601 549
602 548
603 547
604 546
605 545
606 545
607 544
608 543
609 542
610 541
611 540
612 540
613 540
614 540
615 539
616 538
617 538
618 538
619 538
620 537
621 537
622 536
623 536
624 536
625 535
626 535
627 535
628 535
629 535
630 534
631 533
632 532
633 531
634 530
635 529
636 529
637 528
638 528
639 528
640 527
641 526
642 526
643 526
644 526
645 526
646 526
647 525
648 524
649 523
650 522
651 521
652 520
653 519
654 519
655 518
656 517
657 517
658 517
659 517
660 517
661 517
662 517
663 517
664 517
665 517
666 516
667 515
668 514
669 514
670 513
671 512
672 511
673 510
674 510
675 509
676 508
677 507
678 507
679 506
680 505
681 505
682 505
683 505
684 504
685 503
686 502
687 502
688 502
689 501
690 501
691 501
692 500
693 499
694 498
695 498
696 498
697 497
698 497
699 496
700 496
701 496
702 495
703 495
704 495
705 494
706 493
707 493
708 493
709 492
710 492
711 492
712 492
713 492
714 491
715 491
716 490
717 489
718 488
719 488
720 488
721 488
722 488
723 487
724 486
725 485
726 484
727 484
728 483
729 482
730 482
731 481
732 480
733 479
734 479
735 478
736 477
737 476
738 475
739 474
740 474
741 473
742 472
743 472
744 472
745 471
746 471
747 470
748 469
749 468
750 468
751 467
752 466
753 465
754 465
755 465
756 464
757 463
758 462
759 462
760 461
761 461
762 460
763 460
764 459
765 458
766 458
767 457
768 456
769 456
770 455
771 454
772 453
773 453
774 453
775 453
776 453
777 453
778 453
779 453
780 453
781 453
782 453
783 453
784 453
785 452
786 452
787 452
788 452
789 451
790 451
791 451
792 450
793 449
794 449
795 449
796 449
797 448
798 447
799 447
800 446
801 446
802 446
803 445
804 444
805 443
806 443
807 442
808 441
809 440
810 440
811 439
812 438
813 438
814 438
815 438
816 438
817 437
818 437
819 437
820 436
821 436
822 436
823 435
824 435
825 435
826 434
827 433
828 433
829 433
830 433
831 433
832 433
833 433
834 432
835 431
836 430
837 430
838 429
839 428
840 428
841 428
842 427
843 427
844 427
845 427
846 427
847 427
848 427
849 427
850 427
851 427
852 426
853 426
854 425
855 425
856 425
857 424
858 424
859 423
860 422
861 421
862 420
863 420
864 419
865 418
866 418
867 418
868 418
869 418
870 418
871 418
872 418
873 417
874 416
875 415
876 415
877 415
878 414
879 413
880 412
881 412
882 412
883 412
884 411
885 410
886 409
887 409
888 409
889 408
890 408
891 408
892 407
893 407
894 406
895 406
896 405
897 405
898 404
899 403
900 403
901 403
902 402
903 401
904 400
905 400
906 400
907 400
908 400
909 399
910 398
911 398
912 398
913 398
914 398
915 398
916 398
917 398
918 398
919 398
920 398
921 397
922 397
923 397
924 397
925 397
926 397
927 396
928 396
929 396
930 396
931 395
932 394
933 393
934 393
935 392
936 391
937 391
938 390
939 389
940 389
941 388
942 388
943 388
944 388
945 387
946 387
947 387
948 387
949 387
950 386
951 385
952 384
953 384
954 383
955 382
956 381
957 381
958 380
959 380
960 380
961 380
962 380
963 380
964 380
965 380
966 379
967 378
968 378
969 378
970 378
971 378
972 378
973 378
974 377
975 377
976 377
977 377
978 377
979 377
980 376
981 376
982 376
983 376
984 375
985 374
986 373
987 373
988 372
989 372
990 372
991 372
992 372
993 372
994 371
995 370
996 369
997 369
998 369
999 368
1000 367
1001 366
1002 365
1003 364
1004 364
1005 364
1006 364
1007 364
1008 364
1009 364
1010 364
1011 363
1012 363
1013 362
1014 362
1015 362
1016 361
1017 360
1018 359
1019 358
1020 358
1021 358
1022 358
1023 358
1024 358
1025 357
1026 356
1027 356
1028 356
1029 356
1030 356
1031 355
1032 354
1033 354
1034 353
1035 352
1036 352
1037 352
1038 352
1039 352
1040 351
1041 350
1042 350
1043 349
1044 348
1045 348
1046 348
1047 348
1048 347
1049 347
1050 347
1051 347
1052 347
1053 347
1054 346
1055 345
1056 345
1057 345
1058 344
1059 344
1060 344
1061 344
1062 344
1063 343
1064 343
1065 343
1066 342
1067 342
1068 342
1069 342
1070 342
1071 341
1072 341
1073 341
1074 340
1075 339
1076 338
1077 338
1078 338
1079 338
1080 338
1081 338
1082 337
1083 336
1084 335
1085 334
1086 334
1087 334
1088 334
1089 333
1090 333
1091 333
1092 333
1093 333
1094 333
1095 332
1096 332
1097 332
1098 332
1099 332
1100 331
1101 331
1102 330
1103 330
1104 330
1105 329
1106 329
1107 328
1108 327
1109 327
1110 326
1111 326
1112 325
1113 324
1114 324
1115 324
1116 324
1117 323
1118 323
1119 323
1120 322
1121 322
1122 322
1123 321
1124 321
1125 321
1126 320
1127 320
1128 319
1129 319
1130 319
1131 319
1132 319
1133 319
1134 319
1135 319
1136 318
1137 317
1138 316
1139 316
1140 315
1141 314
1142 314
1143 314
1144 314
1145 314
1146 314
1147 314
1148 313
1149 312
1150 312
1151 312
1152 312
1153 311
1154 311
1155 311
1156 310
1157 310
1158 310
1159 309
1160 309
1161 308
1162 307
1163 307
1164 307
1165 307
1166 307
1167 307
1168 307
1169 307
1170 306
1171 306
1172 306
1173 305
1174 304
1175 304
1176 304
1177 304
1178 304
1179 304
1180 303
1181 303
1182 302
1183 301
1184 301
1185 301
1186 300
1187 300
1188 300
1189 300
1190 299
1191 299
1192 298
1193 298
1194 298
1195 297
1196 297
1197 296
1198 296
1199 296
1200 295
1201 295
1202 295
1203 295
1204 295
1205 295
1206 295
1207 295
1208 294
1209 293
1210 292
1211 292
1212 292
1213 292
1214 291
1215 290
1216 290
1217 290
1218 290
1219 290
1220 290
1221 290
1222 290
1223 290
1224 290
1225 289
1226 289
1227 288
1228 288
1229 288
1230 288
1231 288
1232 287
1233 287
1234 286
1235 286
1236 285
1237 285
1238 284
1239 283
1240 283
1241 283
1242 283
1243 282
1244 281
1245 280
1246 280
1247 280
1248 280
1249 279
1250 278
1251 277
1252 276
1253 275
1254 275
1255 274
1256 274
1257 274
1258 273
1259 273
1260 273
1261 273
1262 273
1263 273
1264 273
1265 273
1266 273
1267 273
1268 272
1269 271
1270 271
1271 271
1272 271
1273 270
1274 270
1275 270
1276 270
1277 270
1278 270
1279 269
1280 269
1281 269
1282 268
1283 268
1284 267
1285 266
1286 266
1287 266
1288 266
1289 266
1290 266
1291 266
1292 266
1293 266
1294 266
1295 265
1296 264
1297 264
1298 264
1299 263
1300 263
1301 262
1302 261
1303 261
1304 260
1305 260
1306 260
1307 260
1308 260
1309 260
1310 259
1311 258
1312 258
1313 258
1314 258
1315 257
1316 257
1317 256
1318 256
1319 255
1320 254
1321 254
1322 253
1323 253
1324 253
1325 253
1326 253
1327 253
1328 253
1329 253
1330 253
1331 253
1332 253
1333 252
1334 252
1335 251
1336 251
1337 250
1338 250
1339 250
1340 250
1341 250
1342 250
1343 250
1344 250
1345 249
1346 249
1347 248
1348 248
1349 248
1350 248
1351 248
1352 248
1353 248
1354 248
1355 248
1356 247
1357 247
1358 247
1359 247
1360 246
1361 246
1362 246
1363 246
1364 246
1365 246
1366 246
1367 246
1368 246
1369 245
1370 245
1371 245
1372 244
1373 243
1374 243
1375 243
1376 243
1377 243
1378 243
1379 243
1380 243
1381 242
1382 242
1383 242
1384 242
1385 242
1386 242
1387 242
1388 241
1389 241
1390 241
1391 241
1392 241
1393 241
1394 240
1395 240
1396 240
1397 240
1398 240
1399 240
1400 240
1401 240
1402 240
1403 240
1404 240
1405 240
1406 239
1407 239
1408 239
1409 239
1410 239
1411 239
1412 239
1413 239
1414 239
1415 238
1416 238
1417 238
1418 238
1419 238
1420 238
1421 237
1422 237
1423 237
1424 237
1425 237
1426 237
1427 237
1428 237
1429 236
1430 236
1431 236
1432 236
1433 236
1434 236
1435 236
1436 236
1437 236
1438 236
1439 236
1440 236
1441 235
1442 235
1443 235
1444 234
1445 234
1446 234
1447 234
1448 234
1449 234
1450 233
1451 233
1452 233
1453 233
1454 233
1455 233
1456 233
1457 232
1458 232
1459 231
1460 231
1461 231
1462 231
1463 231
1464 231
1465 231
1466 231
1467 231
1468 231
1469 231
1470 231
1471 231
1472 231
1473 231
1474 231
1475 230
1476 230
1477 230
1478 230
1479 229
1480 228
1481 227
1482 227
1483 227
1484 227
1485 227
1486 226
1487 226
1488 226
1489 226
1490 226
1491 226
1492 226
1493 226
1494 226
1495 226
1496 226
1497 226
1498 225
1499 225
1500 225
1501 225
1502 225
1503 225
1504 224
1505 224
1506 224
1507 224
1508 223
1509 222
1510 221
1511 220
1512 219
1513 219
1514 219
1515 219
1516 219
1517 219
1518 219
1519 218
1520 217
1521 217
1522 217
1523 217
1524 216
1525 216
1526 216
1527 216
1528 216
1529 216
1530 215
1531 215
1532 215
1533 215
1534 214
1535 213
1536 213
1537 213
1538 213
1539 213
1540 213
1541 213
1542 213
1543 213
1544 213
1545 213
1546 213
1547 213
1548 213
1549 213
1550 213
1551 212
1552 212
1553 212
1554 212
1555 211
1556 211
1557 211
1558 211
1559 211
1560 211
1561 211
1562 210
1563 210
1564 209
1565 209
1566 209
1567 209
1568 209
1569 209
1570 208
1571 207
1572 207
1573 207
1574 206
1575 206
1576 206
1577 206
1578 206
1579 206
1580 206
1581 206
1582 206
1583 206
1584 206
1585 206
1586 206
1587 206
1588 206
1589 206
1590 206
1591 206
1592 206
1593 206
1594 206
1595 206
1596 206
1597 206
1598 206
1599 206
1600 206
1601 206
1602 206
1603 206
1604 206
1605 206
1606 206
1607 206
1608 205
1609 205
1610 205
1611 205
1612 204
1613 204
1614 204
1615 204
1616 204
1617 203
1618 203
1619 203
1620 203
1621 203
1622 203
1623 202
1624 201
1625 201
1626 201
1627 200
1628 200
1629 200
1630 199
1631 199
1632 199
1633 198
1634 198
1635 198
1636 198
1637 198
1638 197
1639 196
1640 196
1641 196
1642 196
1643 196
1644 195
1645 195
1646 195
1647 195
1648 195
1649 195
1650 194
1651 194
1652 194
1653 194
1654 194
1655 194
1656 194
1657 194
1658 194
1659 193
1660 192
1661 192
1662 192
1663 192
1664 192
1665 192
1666 192
1667 192
1668 192
1669 192
1670 192
1671 192
1672 192
1673 192
1674 192
1675 192
1676 192
1677 192
1678 192
1679 192
1680 191
1681 191
1682 191
1683 191
1684 191
1685 191
1686 191
1687 191
1688 191
1689 191
1690 191
1691 191
1692 190
1693 189
1694 189
1695 189
1696 189
1697 189
1698 189
1699 189
1700 188
1701 187
1702 187
1703 186
1704 186
1705 186
1706 186
1707 186
1708 186
1709 185
1710 185
1711 185
1712 185
1713 185
1714 185
1715 185
1716 185
1717 185
1718 185
1719 184
1720 184
1721 184
1722 183
1723 182
1724 182
1725 182
1726 182
1727 181
1728 181
1729 181
1730 181
1731 181
1732 181
1733 181
1734 181
1735 181
1736 181
1737 181
1738 181
1739 181
1740 181
1741 181
1742 181
1743 181
1744 181
1745 181
1746 181
1747 181
1748 180
1749 180
1750 179
1751 179
1752 178
1753 178
1754 178
1755 177
1756 177
1757 177
1758 177
1759 177
1760 177
1761 177
1762 176
1763 175
1764 175
1765 175
1766 175
1767 175
1768 174
1769 174
1770 173
1771 173
1772 173
1773 173
1774 173
1775 173
1776 173
1777 173
1778 173
1779 173
1780 173
1781 172
1782 172
1783 171
1784 171
1785 171
1786 171
1787 171
1788 170
1789 170
1790 170
1791 170
1792 170
1793 170
1794 170
1795 170
1796 170
1797 170
1798 170
1799 170
1800 170
1801 169
1802 169
1803 168
1804 167
1805 167
1806 167
1807 167
1808 167
1809 167
1810 167
1811 167
1812 167
1813 167
1814 166
1815 166
1816 166
1817 165
1818 165
1819 165
1820 164
1821 164
1822 164
1823 164
1824 164
1825 164
1826 164
1827 163
1828 163
1829 162
1830 162
1831 162
1832 162
1833 162
1834 162
1835 162
1836 162
1837 162
1838 162
1839 162
1840 162
1841 162
1842 161
1843 160
1844 160
1845 160
1846 160
1847 160
1848 160
1849 160
1850 159
1851 159
1852 159
1853 159
1854 159
1855 159
1856 159
1857 159
1858 159
1859 159
1860 158
1861 158
1862 158
1863 158
1864 158
1865 158
1866 158
1867 158
1868 158
1869 157
1870 157
1871 157
1872 157
1873 157
1874 157
1875 157
1876 157
1877 157
1878 157
1879 157
1880 157
1881 157
1882 157
1883 157
1884 157
1885 157
1886 157
1887 157
1888 157
1889 156
1890 156
1891 156
1892 156
1893 156
1894 156
1895 156
1896 155
1897 155
1898 154
1899 154
1900 153
1901 153
1902 152
1903 152
1904 152
1905 152
1906 152
1907 152
1908 152
1909 152
1910 152
1911 151
1912 150
1913 150
1914 150
1915 149
1916 148
1917 148
1918 148
1919 148
1920 148
1921 148
1922 148
1923 148
1924 148
1925 147
1926 147
1927 146
1928 146
1929 146
1930 146
1931 146
1932 146
1933 146
1934 146
1935 146
1936 146
1937 146
1938 146
1939 145
1940 145
1941 145
1942 145
1943 145
1944 145
1945 145
1946 144
1947 144
1948 144
1949 144
1950 143
1951 143
1952 143
1953 143
1954 143
1955 143
1956 142
1957 142
1958 142
1959 142
1960 142
1961 141
1962 141
1963 140
1964 140
1965 140
1966 140
1967 139
1968 139
1969 139
1970 138
1971 138
1972 138
1973 138
1974 138
1975 138
1976 138
1977 138
1978 138
1979 138
1980 138
1981 137
1982 137
1983 137
1984 137
1985 137
1986 137
1987 137
1988 137
1989 137
1990 137
1991 137
1992 137
1993 137
1994 137
1995 137
1996 137
1997 137
1998 137
1999 137
2000 137
2001 137
2002 137
2003 137
2004 136
2005 136
2006 135
2007 135
2008 135
2009 135
2010 135
2011 135
2012 135
2013 135
2014 135
2015 135
2016 135
2017 135
2018 135
2019 135
2020 135
2021 135
2022 135
2023 135
2024 135
2025 135
2026 135
2027 135
2028 135
2029 135
2030 135
2031 135
2032 135
2033 135
2034 135
2035 135
2036 135
2037 135
2038 135
2039 135
2040 135
2041 135
2042 135
2043 135
2044 135
2045 135
2046 135
2047 135
2048 135
2049 134
2050 134
2051 134
2052 134
2053 134
2054 134
2055 134
2056 134
2057 134
2058 134
2059 133
2060 133
2061 133
2062 133
2063 133
2064 133
2065 133
2066 133
2067 133
2068 133
2069 133
2070 133
2071 133
2072 133
2073 133
2074 133
2075 133
2076 133
2077 132
2078 132
2079 132
2080 131
2081 131
2082 131
2083 131
2084 131
2085 131
2086 131
2087 131
2088 131
2089 131
2090 131
2091 131
2092 131
2093 131
2094 131
2095 131
2096 131
2097 131
2098 131
2099 131
2100 131
2101 131
2102 131
2103 131
2104 131
2105 131
2106 131
2107 130
2108 130
2109 130
2110 130
2111 129
2112 129
2113 129
2114 129
2115 129
2116 128
2117 128
2118 128
2119 128
2120 128
2121 128
2122 128
2123 127
2124 127
2125 127
2126 127
2127 126
2128 126
2129 126
2130 126
2131 126
2132 126
2133 126
2134 126
2135 126
2136 126
2137 126
2138 125
2139 125
2140 125
2141 125
2142 125
2143 125
2144 125
2145 125
2146 125
2147 125
2148 124
2149 124
2150 123
2151 122
2152 122
2153 122
2154 122
2155 122
2156 121
2157 121
2158 121
2159 121
2160 121
2161 121
2162 121
2163 121
2164 121
2165 121
2166 120
2167 120
2168 120
2169 120
2170 120
2171 120
2172 120
2173 120
2174 119
2175 119
2176 119
2177 118
2178 118
2179 118
2180 118
2181 118
2182 118
2183 118
2184 118
2185 118
2186 118
2187 118
2188 118
2189 118
2190 118
2191 118
2192 118
2193 118
2194 118
2195 118
2196 118
2197 117
2198 117
2199 117
2200 117
2201 116
2202 116
2203 116
2204 116
2205 116
2206 116
2207 116
2208 115
2209 115
2210 115
2211 115
2212 114
2213 114
2214 114
2215 114
2216 113
2217 112
2218 111
2219 111
2220 111
2221 111
2222 110
2223 110
2224 110
2225 110
2226 110
2227 110
2228 110
2229 110
2230 109
2231 109
2232 109
2233 109
2234 108
2235 108
2236 108
2237 108
2238 108
2239 108
2240 108
2241 108
2242 108
2243 108
2244 108
2245 108
2246 108
2247 108
2248 108
2249 107
2250 107
2251 107
2252 107
2253 107
2254 107
2255 107
2256 107
2257 107
2258 107
2259 107
2260 107
2261 107
2262 107
2263 107
2264 107
2265 107
2266 107
2267 107
2268 107
2269 106
2270 106
2271 106
2272 106
2273 106
2274 106
2275 106
2276 106
2277 105
2278 105
2279 105
2280 104
2281 104
2282 103
2283 102
2284 102
2285 102
2286 102
2287 102
2288 102
2289 101
2290 101
2291 101
2292 101
2293 101
2294 101
2295 101
2296 101
2297 101
2298 100
2299 100
2300 100
2301 100
2302 99
2303 99
2304 99
2305 99
2306 99
2307 99
2308 99
2309 99
2310 99
2311 99
2312 99
2313 99
2314 99
2315 99
2316 99
2317 99
2318 99
2319 99
2320 99
2321 99
2322 99
2323 99
2324 99
2325 99
2326 99
2327 99
2328 99
2329 99
2330 99
2331 99
2332 99
2333 99
2334 99
2335 99
2336 99
2337 99
2338 99
2339 99
2340 99
2341 99
2342 99
2343 99
2344 99
2345 98
2346 98
2347 98
2348 98
2349 98
2350 98
2351 97
2352 96
2353 96
2354 96
2355 96
2356 96
2357 96
2358 96
2359 95
2360 94
2361 94
2362 94
2363 94
2364 94
2365 94
2366 94
2367 93
2368 93
2369 93
2370 92
2371 92
2372 91
2373 91
2374 91
2375 91
2376 91
2377 91
2378 91
2379 91
2380 91
2381 90
2382 90
2383 90
2384 89
2385 89
2386 89
2387 89
2388 89
2389 89
2390 89
2391 89
2392 89
2393 89
2394 89
2395 89
2396 89
2397 89
2398 88
2399 88
2400 88
2401 88
2402 88
2403 88
2404 88
2405 88
2406 88
2407 88
2408 88
2409 88
2410 88
2411 88
2412 88
2413 88
2414 88
2415 88
2416 88
2417 88
2418 88
2419 88
2420 88
2421 88
2422 88
2423 88
2424 88
2425 88
2426 87
2427 86
2428 86
2429 86
2430 86
2431 86
2432 86
2433 86
2434 86
2435 86
2436 86
2437 86
2438 86
2439 86
2440 86
2441 86
2442 86
2443 86
2444 86
2445 86
2446 86
2447 86
2448 86
2449 86
2450 86
2451 86
2452 86
2453 86
2454 86
2455 86
2456 86
2457 85
2458 85
2459 85
2460 85
2461 85
2462 85
2463 85
2464 85
2465 85
2466 85
2467 85
2468 85
2469 85
2470 85
2471 85
2472 85
2473 85
2474 85
2475 85
2476 85
2477 85
2478 85
2479 85
2480 85
2481 85
2482 85
2483 85
2484 85
2485 85
2486 84
2487 84
2488 84
2489 84
2490 84
2491 84
2492 84
2493 84
2494 84
2495 84
2496 84
2497 84
2498 84
2499 84
2500 84
2501 84
2502 84
2503 84
2504 84
2505 84
2506 84
2507 84
2508 84
2509 84
2510 84
2511 83
2512 83
2513 83
2514 83
2515 83
2516 83
2517 83
2518 83
2519 83
2520 83
2521 83
2522 83
2523 83
2524 83
2525 83
2526 83
2527 83
2528 82
2529 82
2530 82
2531 82
2532 82
2533 82
2534 82
2535 82
2536 82
2537 82
2538 82
2539 82
2540 82
2541 82
2542 82
2543 82
2544 82
2545 82
2546 82
2547 82
2548 82
2549 82
2550 82
2551 82
2552 82
2553 82
2554 82
2555 82
2556 82
2557 82
2558 82
2559 82
2560 81
2561 81
2562 81
2563 81
2564 81
2565 81
2566 81
2567 81
2568 80
2569 80
2570 80
2571 80
2572 80
2573 80
2574 80
2575 80
2576 80
2577 80
2578 79
2579 79
2580 79
2581 79
2582 79
2583 79
2584 79
2585 79
2586 79
2587 79
2588 79
2589 79
2590 79
2591 79
2592 79
2593 79
2594 79
2595 79
2596 79
2597 79
2598 79
2599 79
2600 79
2601 79
2602 79
2603 78
2604 78
2605 78
2606 78
2607 78
2608 78
2609 78
2610 78
2611 78
2612 78
2613 77
2614 77
2615 77
2616 77
2617 77
2618 76
2619 76
2620 76
2621 76
2622 76
2623 76
2624 76
2625 76
2626 76
2627 76
2628 75
2629 75
2630 75
2631 75
2632 75
2633 75
2634 75
2635 75
2636 75
2637 75
2638 75
2639 75
2640 75
2641 74
2642 74
2643 74
2644 74
2645 74
2646 73
2647 73
2648 73
2649 73
2650 73
2651 73
2652 73
2653 73
2654 73
2655 73
2656 73
2657 73
2658 73
2659 73
2660 73
2661 73
2662 73
2663 73
2664 73
2665 73
2666 72
2667 72
2668 72
2669 72
2670 72
2671 72
2672 72
2673 72
2674 72
2675 72
2676 72
2677 72
2678 72
2679 72
2680 72
2681 72
2682 72
2683 71
2684 71
2685 71
2686 71
2687 71
2688 71
2689 71
2690 71
2691 71
2692 71
2693 71
2694 71
2695 71
2696 71
2697 71
2698 71
2699 71
2700 71
2701 71
2702 71
2703 71
2704 71
2705 71
2706 71
2707 71
2708 71
2709 71
2710 71
2711 71
2712 71
2713 71
2714 71
2715 71
2716 71
2717 71
2718 71
2719 71
2720 71
2721 70
2722 69
2723 69
2724 69
2725 69
2726 68
2727 68
2728 68
2729 68
2730 68
2731 68
2732 68
2733 68
2734 68
2735 68
2736 68
2737 68
2738 68
2739 68
2740 68
2741 68
2742 68
2743 68
2744 68
2745 68
2746 68
2747 68
2748 67
2749 67
2750 67
2751 67
2752 67
2753 67
2754 67
2755 67
2756 67
2757 67
2758 67
2759 67
2760 67
2761 66
2762 66
2763 66
2764 66
2765 66
2766 66
2767 66
2768 66
2769 66
2770 66
2771 66
2772 65
2773 64
2774 64
2775 64
2776 64
2777 64
2778 64
2779 64
2780 64
2781 64
2782 63
2783 63
2784 63
2785 63
2786 63
2787 63
2788 63
2789 63
2790 63
2791 63
2792 63
2793 63
2794 63
2795 63
2796 63
2797 63
2798 63
2799 63
2800 63
2801 63
2802 63
2803 63
2804 63
2805 63
2806 63
2807 63
2808 62
2809 62
2810 62
2811 62
2812 62
2813 62
2814 62
2815 62
2816 62
2817 62
2818 62
2819 62
2820 62
2821 62
2822 62
2823 62
2824 62
2825 62
2826 62
2827 62
2828 62
2829 62
2830 62
2831 62
2832 62
2833 62
2834 62
2835 62
2836 62
2837 62
2838 62
2839 61
2840 61
2841 61
2842 61
2843 61
2844 61
2845 61
2846 61
2847 61
2848 61
2849 61
2850 61
2851 61
2852 61
2853 60
2854 60
2855 60
2856 60
2857 60
2858 60
2859 60
2860 60
2861 60
2862 60
2863 60
2864 60
2865 60
2866 60
2867 60
2868 60
2869 60
2870 60
2871 60
2872 60
2873 60
2874 60
2875 60
2876 60
2877 60
2878 60
2879 60
2880 60
2881 60
2882 60
2883 60
2884 60
2885 60
2886 60
2887 60
2888 60
2889 60
2890 60
2891 60
2892 60
2893 60
2894 60
2895 60
2896 60
2897 60
2898 60
2899 60
2900 60
2901 60
2902 60
2903 59
2904 59
2905 59
2906 59
2907 59
2908 59
2909 59
2910 59
2911 59
2912 59
2913 59
2914 59
2915 59
2916 59
2917 59
2918 59
2919 59
2920 59
2921 58
2922 58
2923 58
2924 58
2925 58
2926 58
2927 57
2928 57
2929 57
2930 57
2931 57
2932 57
2933 57
2934 57
2935 57
2936 57
2937 57
2938 57
2939 57
2940 57
2941 57
2942 57
2943 57
2944 57
2945 57
2946 57
2947 57
2948 57
2949 57
2950 57
2951 57
2952 57
2953 57
2954 57
2955 57
2956 56
2957 56
2958 56
2959 56
2960 56
2961 56
2962 56
2963 56
2964 56
2965 56
2966 55
2967 55
2968 55
2969 55
2970 54
2971 54
2972 54
2973 54
2974 54
2975 54
2976 54
2977 54
2978 54
2979 54
2980 54
2981 54
2982 54
2983 54
2984 54
2985 54
2986 54
2987 54
2988 54
2989 54
2990 54
2991 54
2992 54
2993 54
2994 54
2995 54
2996 53
2997 53
2998 53
2999 53
3000 53
3001 53
3002 53
3003 53
3004 53
3005 53
3006 52
3007 52
3008 52
3009 52
3010 52
3011 52
3012 52
3013 52
3014 52
3015 52
3016 52
3017 52
3018 52
3019 52
3020 52
3021 52
3022 52
3023 52
3024 52
3025 51
3026 51
3027 50
3028 50
3029 50
3030 50
3031 50
3032 50
3033 50
3034 50
3035 50
3036 50
3037 50
3038 50
3039 50
3040 50
3041 50
3042 50
3043 50
3044 50
3045 50
3046 50
3047 50
3048 50
3049 50
3050 50
3051 50
3052 50
3053 50
3054 50
3055 50
3056 50
3057 50
3058 50
3059 50
3060 50
3061 50
3062 50
3063 50
3064 50
3065 50
3066 50
3067 50
3068 50
3069 50
3070 50
3071 50
3072 50
3073 50
3074 50
3075 49
3076 49
3077 49
3078 49
3079 49
3080 49
3081 49
3082 49
3083 49
3084 49
3085 49
3086 48
3087 47
3088 47
3089 47
3090 47
3091 47
3092 47
3093 47
3094 47
3095 47
3096 47
3097 47
3098 47
3099 47
3100 47
3101 47
3102 47
3103 47
3104 47
3105 46
3106 46
3107 46
3108 46
3109 46
3110 46
3111 46
3112 46
3113 46
3114 46
3115 45
3116 44
3117 44
3118 44
3119 44
3120 44
3121 44
3122 44
3123 44
3124 44
3125 44
3126 44
3127 44
3128 44
3129 44
3130 44
3131 44
3132 44
3133 44
3134 44
3135 44
3136 44
3137 44
3138 44
3139 44
3140 44
3141 43
3142 43
3143 43
3144 43
3145 43
3146 43
3147 43
3148 43
3149 43
3150 42
3151 42
3152 42
3153 42
3154 42
3155 42
3156 42
3157 42
3158 42
3159 42
3160 42
3161 42
3162 42
3163 42
3164 42
3165 42
3166 42
3167 42
3168 42
3169 42
3170 42
3171 42
3172 42
3173 42
3174 42
3175 42
3176 42
3177 42
3178 42
3179 42
3180 42
3181 42
3182 42
3183 42
3184 42
3185 42
3186 42
3187 42
3188 42
3189 42
3190 42
3191 42
3192 42
3193 42
3194 42
3195 42
3196 42
3197 42
3198 42
3199 42
3200 42
3201 42
3202 42
3203 42
3204 42
3205 42
3206 42
3207 42
3208 42
3209 42
3210 42
3211 42
3212 42
3213 42
3214 42
3215 42
3216 42
3217 42
3218 42
3219 42
3220 42
3221 42
3222 42
3223 42
3224 42
3225 42
3226 42
3227 41
3228 41
3229 41
3230 41
3231 41
3232 41
3233 41
3234 41
3235 41
3236 41
3237 41
3238 41
3239 41
3240 41
3241 41
3242 41
3243 41
3244 40
3245 40
3246 40
3247 40
3248 40
3249 40
3250 39
3251 39
3252 38
3253 38
3254 38
3255 38
3256 38
3257 38
3258 38
3259 38
3260 38
3261 38
3262 37
3263 37
3264 37
3265 37
3266 37
3267 37
3268 37
3269 37
3270 37
3271 37
3272 37
3273 37
3274 36
3275 36
3276 36
3277 36
3278 36
3279 36
3280 36
3281 36
3282 36
3283 36
3284 36
3285 36
3286 36
3287 36
3288 36
3289 36
3290 36
3291 36
3292 36
3293 36
3294 36
3295 36
3296 36
3297 36
3298 36
3299 36
3300 36
3301 36
3302 36
3303 36
3304 36
3305 36
3306 36
3307 36
3308 36
3309 36
3310 36
3311 36
3312 36
3313 36
3314 35
3315 35
3316 35
3317 35
3318 35
3319 35
3320 35
3321 35
3322 35
3323 35
3324 35
3325 35
3326 35
3327 35
3328 35
3329 35
3330 35
3331 35
3332 35
3333 35
3334 35
3335 35
3336 35
3337 35
3338 35
3339 35
3340 35
3341 35
3342 35
3343 35
3344 35
3345 35
3346 35
3347 35
3348 35
3349 35
3350 34
3351 34
3352 34
3353 34
3354 34
3355 34
3356 34
3357 34
3358 34
3359 34
3360 34
3361 34
3362 34
3363 34
3364 33
3365 33
3366 33
3367 33
3368 33
3369 33
3370 33
3371 33
3372 32
3373 32
3374 32
3375 32
3376 32
3377 32
3378 32
3379 32
3380 32
3381 32
3382 32
3383 32
3384 32
3385 32
3386 32
3387 32
3388 32
3389 32
3390 32
3391 32
3392 32
3393 32
3394 32
3395 32
3396 32
3397 32
3398 32
3399 32
3400 32
3401 32
3402 32
3403 32
3404 32
3405 32
3406 32
3407 32
3408 32
3409 32
3410 32
3411 32
3412 32
3413 32
3414 32
3415 32
3416 32
3417 32
3418 32
3419 32
3420 32
3421 32
3422 32
3423 32
3424 32
3425 32
3426 32
3427 32
3428 32
3429 32
3430 32
3431 32
3432 32
3433 31
3434 31
3435 31
3436 31
3437 31
3438 31
3439 31
3440 31
3441 31
3442 31
3443 31
3444 31
3445 31
3446 31
3447 31
3448 31
3449 31
3450 31
3451 31
3452 31
3453 31
3454 31
3455 31
3456 31
3457 31
3458 30
3459 30
3460 30
3461 30
3462 30
3463 30
3464 30
3465 30
3466 30
3467 30
3468 30
3469 30
3470 30
3471 30
3472 30
3473 30
3474 30
3475 30
3476 30
3477 30
3478 30
3479 30
3480 30
3481 30
3482 30
3483 30
3484 30
3485 30
3486 30
3487 30
3488 30
3489 30
3490 30
3491 30
3492 30
3493 30
3494 30
3495 30
3496 30
3497 30
3498 30
3499 30
3500 30
3501 30
3502 30
3503 30
3504 30
3505 30
3506 30
3507 30
3508 30
3509 30
3510 30
3511 30
3512 30
3513 30
3514 30
3515 30
3516 30
3517 29
3518 29
3519 29
3520 29
3521 29
3522 29
3523 29
3524 29
3525 29
3526 29
3527 29
3528 29
3529 29
3530 29
3531 29
3532 29
3533 29
3534 29
3535 28
3536 28
3537 28
3538 28
3539 28
3540 28
3541 28
3542 28
3543 28
3544 28
3545 28
3546 28
3547 28
3548 28
3549 28
3550 28
3551 28
3552 28
3553 28
3554 28
3555 28
3556 28
3557 28
3558 28
3559 28
3560 28
3561 28
3562 28
3563 28
3564 28
3565 28
3566 28
3567 28
3568 28
3569 28
3570 28
3571 28
3572 28
3573 28
3574 28
3575 28
3576 28
3577 28
3578 28
3579 28
3580 28
3581 27
3582 27
3583 27
3584 27
3585 27
3586 27
3587 27
3588 27
3589 27
3590 27
3591 27
3592 27
3593 27
3594 27
3595 27
3596 27
3597 27
3598 27
3599 27
3600 27
3601 27
3602 27
3603 27
3604 27
3605 27
3606 27
3607 27
3608 27
3609 27
3610 27
3611 26
3612 26
3613 26
3614 26
3615 25
3616 25
3617 25
3618 25
3619 25
3620 24
3621 24
3622 24
3623 24
3624 24
3625 24
3626 24
3627 24
3628 24
3629 24
3630 24
3631 24
3632 24
3633 24
3634 24
3635 24
3636 24
3637 24
3638 24
3639 24
3640 24
3641 24
3642 24
3643 24
3644 24
3645 24
3646 24
3647 24
3648 24
3649 24
3650 24
3651 24
3652 24
3653 24
3654 24
3655 24
3656 24
3657 24
3658 24
3659 24
3660 24
3661 24
3662 24
3663 24
3664 24
3665 24
3666 24
3667 24
3668 24
3669 24
3670 24
3671 24
3672 24
3673 24
3674 24
3675 24
3676 24
3677 24
3678 24
3679 24
3680 24
3681 24
3682 24
3683 24
3684 24
3685 23
3686 23
3687 23
3688 23
3689 23
3690 23
3691 23
3692 23
3693 23
3694 23
3695 23
3696 23
3697 23
3698 23
3699 23
3700 23
3701 23
3702 23
3703 23
3704 22
3705 22
3706 22
3707 22
3708 22
3709 22
3710 22
3711 22
3712 22
3713 22
3714 21
3715 21
3716 21
3717 21
3718 21
3719 21
3720 21
3721 21
3722 21
3723 21
3724 21
3725 21
3726 21
3727 21
3728 21
3729 21
3730 21
3731 21
3732 21
3733 21
3734 21
3735 21
3736 21
3737 21
3738 21
3739 21
3740 21
3741 21
3742 21
3743 21
3744 21
3745 21
3746 21
3747 21
3748 21
3749 21
3750 21
3751 21
3752 21
3753 21
3754 21
3755 21
3756 21
3757 21
3758 21
3759 21
3760 21
3761 21
3762 21
3763 21
3764 21
3765 21
3766 21
3767 21
3768 21
3769 21
3770 21
3771 21
3772 21
3773 21
3774 21
3775 21
3776 21
3777 21
3778 21
3779 21
3780 21
3781 20
3782 20
3783 20
3784 20
3785 20
3786 20
3787 20
3788 20
3789 20
3790 20
3791 20
3792 20
3793 20
3794 20
3795 20
3796 20
3797 20
3798 20
3799 20
3800 20
3801 20
3802 20
3803 20
3804 20
3805 20
3806 20
3807 20
3808 20
3809 19
3810 19
3811 19
3812 19
3813 19
3814 19
3815 19
3816 19
3817 19
3818 19
3819 19
3820 19
3821 19
3822 18
3823 18
3824 18
3825 18
3826 18
3827 18
3828 18
3829 18
3830 18
3831 18
3832 18
3833 18
3834 18
3835 18
3836 18
3837 18
3838 18
3839 17
3840 17
3841 17
3842 17
3843 17
3844 17
3845 17
3846 17
3847 17
3848 17
3849 17
3850 17
3851 17
3852 17
3853 17
3854 17
3855 17
3856 17
3857 17
3858 17
3859 16
3860 16
3861 16
3862 16
3863 16
3864 16
3865 16
3866 16
3867 16
3868 16
3869 16
3870 16
3871 15
3872 15
3873 15
3874 15
3875 15
3876 15
3877 15
3878 15
3879 15
3880 15
3881 15
3882 15
3883 15
3884 15
3885 15
3886 15
3887 15
3888 15
3889 15
3890 15
3891 15
3892 15
3893 15
3894 15
3895 15
3896 15
3897 15
3898 15
3899 15
3900 15
3901 15
3902 15
3903 15
3904 15
3905 15
3906 15
3907 15
3908 15
3909 15
3910 15
3911 15
3912 15
3913 15
3914 15
3915 15
3916 15
3917 14
3918 14
3919 14
3920 14
3921 14
3922 14
3923 14
3924 14
3925 14
3926 14
3927 14
3928 14
3929 14
3930 14
3931 14
3932 14
3933 14
3934 14
3935 14
3936 14
3937 14
3938 14
3939 14
3940 14
3941 14
3942 14
3943 14
3944 14
3945 14
3946 14
3947 13
3948 13
3949 13
3950 13
3951 13
3952 13
3953 13
3954 13
3955 13
3956 13
3957 13
3958 13
3959 13
3960 13
3961 13
3962 13
3963 13
3964 13
3965 13
3966 13
3967 13
3968 13
3969 13
3970 13
3971 13
3972 13
3973 13
3974 13
3975 13
3976 13
3977 13
3978 13
3979 13
3980 13
3981 13
3982 13
3983 13
3984 13
3985 13
3986 13
3987 13
3988 13
3989 13
3990 13
3991 13
3992 13
3993 13
3994 13
3995 13
3996 13
3997 13
3998 13
3999 13
4000 13
4001 13
4002 13
4003 13
4004 13
4005 12
4006 12
4007 12
4008 12
4009 12
4010 12
4011 12
4012 12
4013 12
4014 12
4015 12
4016 12
4017 12
4018 12
4019 12
4020 12
4021 12
4022 12
4023 12
4024 12
4025 12
4026 12
4027 12
4028 12
4029 12
4030 12
4031 12
4032 12
4033 12
4034 12
4035 12
4036 12
4037 12
4038 12
4039 12
4040 12
4041 11
4042 11
4043 11
4044 11
4045 11
4046 11
4047 11
4048 11
4049 11
4050 11
4051 11
4052 11
4053 11
4054 11
4055 11
4056 11
4057 11
4058 11
4059 11
4060 11
4061 11
4062 11
4063 11
4064 11
4065 11
4066 11
4067 11
4068 11
4069 11
4070 11
4071 11
4072 11
4073 11
4074 11
4075 11
4076 11
4077 11
4078 11
4079 11
4080 11
4081 11
4082 11
4083 11
4084 11
4085 11
4086 11
4087 11
4088 11
4089 11
4090 11
4091 11
4092 11
4093 11
4094 11
4095 11
4096 11
4097 11
4098 11
4099 11
4100 11
4101 11
4102 11
4103 11
4104 11
4105 11
4106 11
4107 11
4108 11
4109 11
4110 11
4111 11
4112 11
4113 11
4114 11
4115 11
4116 11
4117 11
4118 11
4119 11
4120 11
4121 11
4122 11
4123 11
4124 11
4125 11
4126 11
4127 11
4128 11
4129 11
4130 11
4131 11
4132 11
4133 11
4134 11
4135 11
4136 11
4137 11
4138 11
4139 11
4140 11
4141 11
4142 11
4143 11
4144 11
4145 11
4146 11
4147 11
4148 11
4149 11
4150 11
4151 11
4152 11
4153 11
4154 11
4155 11
4156 11
4157 11
4158 11
4159 10
4160 10
4161 10
4162 10
4163 9
4164 9
4165 9
4166 9
4167 9
4168 9
4169 9
4170 9
4171 9
4172 9
4173 9
4174 9
4175 9
4176 9
4177 9
4178 9
4179 9
4180 9
4181 9
4182 9
4183 9
4184 9
4185 9
4186 9
4187 9
4188 9
4189 9
4190 9
4191 9
4192 9
4193 9
4194 9
4195 9
4196 9
4197 9
4198 9
4199 9
4200 9
4201 9
4202 9
4203 9
4204 9
4205 9
4206 9
4207 9
4208 9
4209 9
4210 9
4211 9
4212 9
4213 9
4214 9
4215 9
4216 9
4217 9
4218 9
4219 9
4220 9
4221 9
4222 9
4223 9
4224 9
4225 9
4226 9
4227 9
4228 9
4229 9
4230 9
4231 9
4232 9
4233 9
4234 9
4235 9
4236 9
4237 9
4238 9
4239 9
4240 9
4241 9
4242 9
4243 9
4244 9
4245 9
4246 9
4247 9
4248 9
4249 9
4250 9
4251 9
4252 9
4253 9
4254 9
4255 9
4256 9
4257 9
4258 9
4259 9
4260 9
4261 9
4262 9
4263 9
4264 9
4265 9
4266 9
4267 9
4268 9
4269 9
4270 9
4271 9
4272 9
4273 9
4274 9
4275 9
4276 9
4277 9
4278 9
4279 9
4280 9
4281 9
4282 9
4283 9
4284 9
4285 9
4286 9
4287 9
4288 9
4289 9
4290 9
4291 9
4292 9
4293 9
4294 9
4295 9
4296 9
4297 9
4298 9
4299 9
4300 9
4301 9
4302 9
4303 9
4304 9
4305 9
4306 9
4307 9
4308 9
4309 9
4310 9
4311 9
4312 9
4313 9
4314 9
4315 9
4316 9
4317 9
4318 9
4319 9
4320 9
4321 9
4322 9
4323 9
4324 9
4325 9
4326 9
4327 9
4328 9
4329 9
4330 9
4331 9
4332 9
4333 9
4334 9
4335 9
4336 9
4337 9
4338 9
4339 9
4340 9
4341 9
4342 9
4343 9
4344 9
4345 9
4346 9
4347 9
4348 9
4349 9
4350 9
4351 9
4352 9
4353 9
4354 9
4355 9
4356 9
4357 9
4358 9
4359 9
4360 9
4361 9
4362 9
4363 9
4364 9
4365 9
4366 9
4367 9
4368 9
4369 9
4370 9
4371 9
4372 9
4373 9
4374 9
4375 9
4376 9
4377 9
4378 9
4379 9
4380 9
4381 9
4382 9
4383 9
4384 9
4385 9
4386 9
4387 9
4388 9
4389 9
4390 9
4391 9
4392 9
4393 9
4394 9
4395 9
4396 9
4397 9
4398 9
4399 9
4400 9
4401 9
4402 9
4403 9
4404 9
4405 9
4406 9
4407 9
4408 9
4409 9
4410 9
4411 9
4412 9
4413 9
4414 9
4415 9
4416 9
4417 9
4418 9
4419 9
4420 9
4421 9
4422 9
4423 9
4424 9
4425 9
4426 9
4427 9
4428 9
4429 9
4430 9
4431 9
4432 9
4433 9
4434 9
4435 9
4436 9
4437 9
4438 9
4439 9
4440 9
4441 9
4442 9
4443 9
4444 9
4445 9
4446 9
4447 9
4448 9
4449 9
4450 9
4451 9
4452 9
4453 9
4454 9
4455 9
4456 9
4457 9
4458 9
4459 9
4460 9
4461 9
4462 9
4463 9
4464 9
4465 9
4466 9
4467 9
4468 9
4469 9
4470 9
4471 9
4472 9
4473 9
4474 9
4475 9
4476 9
4477 9
4478 9
4479 9
4480 9
4481 9
4482 9
4483 9
4484 9
4485 9
4486 9
4487 9
4488 9
4489 9
4490 9
4491 9
4492 9
4493 9
4494 9
4495 9
4496 9
4497 9
4498 9
4499 9
4500 9
4501 9
4502 9
4503 9
4504 9
4505 9
4506 9
4507 9
4508 9
4509 9
4510 9
4511 9
4512 9
4513 9
4514 9
4515 9
4516 9
4517 9
4518 9
4519 9
4520 9
4521 9
4522 9
4523 9
4524 9
4525 9
4526 9
4527 9
4528 9
4529 9
4530 9
4531 9
4532 9
4533 9
4534 9
4535 9
4536 9
4537 9
4538 9
4539 9
4540 9
4541 9
4542 9
4543 9
4544 9
4545 9
4546 9
4547 9
4548 9
4549 9
4550 9
4551 9
4552 9
4553 9
4554 9
4555 9
4556 9
4557 9
4558 9
4559 9
4560 8
4561 8
4562 8
4563 8
4564 8
4565 8
4566 8
4567 8
4568 8
4569 8
4570 8
4571 8
4572 8
4573 8
4574 8
4575 8
4576 8
4577 8
4578 8
4579 8
4580 8
4581 8
4582 8
4583 8
4584 8
4585 8
4586 8
4587 8
4588 8
4589 8
4590 8
4591 8
4592 8
4593 8
4594 8
4595 8
4596 8
4597 8
4598 8
4599 8
4600 8
4601 8
4602 8
4603 8
4604 8
4605 8
4606 8
4607 8
4608 8
4609 8
4610 8
4611 8
4612 8
4613 8
4614 8
4615 8
4616 8
4617 8
4618 8
4619 8
4620 8
4621 8
4622 8
4623 8
4624 8
4625 8
4626 8
4627 8
4628 8
4629 8
4630 8
4631 8
4632 8
4633 8
4634 8
4635 8
4636 8
4637 8
4638 8
4639 8
4640 8
4641 8
4642 8
4643 8
4644 8
4645 8
4646 8
4647 8
4648 8
4649 8
4650 8
4651 8
4652 8
4653 8
4654 8
4655 8
4656 8
4657 8
4658 8
4659 8
4660 8
4661 8
4662 8
4663 8
4664 8
4665 8
4666 8
4667 8
4668 8
4669 8
4670 8
4671 8
4672 8
4673 8
4674 8
4675 8
4676 8
4677 8
4678 8
4679 8
4680 8
4681 8
4682 8
4683 8
4684 8
4685 8
4686 8
4687 8
4688 8
4689 8
4690 8
4691 8
4692 8
4693 8
4694 8
4695 8
4696 8
4697 8
4698 8
4699 8
4700 8
4701 8
4702 8
4703 8
4704 8
4705 8
4706 8
4707 8
4708 8
4709 8
4710 8
4711 8
4712 8
4713 8
4714 8
4715 8
4716 8
4717 8
4718 8
4719 7
4720 7
4721 7
4722 7
4723 7
4724 7
4725 7
4726 7
4727 7
4728 7
4729 7
4730 7
4731 7
4732 7
4733 7
4734 7
4735 7
4736 7
4737 7
4738 7
4739 7
4740 7
4741 7
4742 7
4743 7
4744 7
4745 7
4746 7
4747 7
4748 7
4749 7
4750 7
4751 7
4752 7
4753 7
4754 7
4755 7
4756 7
4757 7
4758 7
4759 7
4760 7
4761 7
4762 7
4763 7
4764 7
4765 7
4766 7
4767 7
4768 7
4769 7
4770 7
4771 7
4772 7
4773 7
4774 7
4775 7
4776 7
4777 7
4778 7
4779 7
4780 7
4781 7
4782 7
4783 7
4784 7
4785 7
4786 7
4787 7
4788 7
4789 7
4790 7
4791 7
4792 7
4793 7
4794 7
4795 7
4796 7
4797 7
4798 7
4799 7
4800 7
4801 7
4802 7
4803 7
4804 7
4805 7
4806 7
4807 7
4808 7
4809 7
4810 7
4811 7
4812 7
4813 7
4814 7
4815 7
4816 7
4817 7
4818 7
4819 7
4820 7
4821 7
4822 7
4823 7
4824 7
4825 7
4826 7
4827 7
4828 7
4829 7
4830 7
4831 7
4832 7
4833 7
4834 7
4835 7
4836 7
4837 7
4838 7
4839 7
4840 7
4841 7
4842 7
4843 7
4844 7
4845 7
4846 7
4847 7
4848 7
4849 7
4850 7
4851 7
4852 7
4853 7
4854 7
4855 7
4856 7
4857 7
4858 7
4859 7
4860 7
4861 7
4862 7
4863 7
4864 7
4865 7
4866 7
4867 7
4868 7
4869 7
4870 7
4871 7
4872 7
4873 7
4874 7
4875 7
4876 7
4877 7
4878 7
4879 7
4880 7
4881 7
4882 6
4883 6
4884 6
4885 6
4886 6
4887 6
4888 6
4889 6
4890 6
4891 6
4892 6
4893 6
4894 6
4895 6
4896 6
4897 6
4898 6
4899 6
4900 6
4901 6
4902 6
4903 6
4904 6
4905 6
4906 6
4907 6
4908 6
4909 6
4910 6
4911 6
4912 6
4913 6
4914 6
4915 6
4916 6
4917 6
4918 6
4919 6
4920 6
4921 6
4922 6
4923 6
4924 6
4925 6
4926 6
4927 6
4928 6
4929 6
4930 6
4931 6
4932 6
4933 6
4934 6
4935 6
4936 6
4937 6
4938 6
4939 6
4940 6
4941 6
4942 6
4943 6
4944 6
4945 6
4946 6
4947 6
4948 6
4949 6
4950 6
4951 6
4952 6
4953 6
4954 6
4955 6
4956 6
4957 6
4958 6
4959 6
4960 6
4961 6
4962 6
4963 6
4964 6
4965 6
4966 6
4967 6
4968 6
4969 6
4970 6
4971 6
4972 6
4973 6
4974 6
4975 6
4976 6
4977 6
4978 6
4979 6
4980 6
4981 6
4982 6
4983 6
4984 6
4985 6
4986 6
4987 6
4988 6
4989 6
4990 6
4991 6
4992 6
4993 6
4994 6
4995 5
4996 5
4997 5
4998 5
4999 5
5000 5
5001 5
5002 5
5003 5
5004 5
5005 5
5006 5
5007 5
5008 5
5009 5
5010 5
5011 5
5012 5
5013 5
5014 5
5015 4
5016 4
5017 4
5018 4
5019 4
5020 4
5021 4
5022 4
5023 4
5024 4
5025 4
5026 4
5027 4
5028 4
5029 4
5030 4
5031 4
5032 4
5033 4
5034 4
5035 4
5036 4
5037 4
5038 4
5039 4
5040 4
5041 4
5042 4
5043 4
5044 4
5045 4
5046 4
5047 4
5048 4
5049 4
5050 4
5051 4
5052 4
5053 4
5054 4
5055 4
5056 4
5057 4
5058 4
5059 4
5060 4
5061 4
5062 4
5063 4
5064 4
5065 4
5066 4
5067 4
5068 4
5069 4
5070 4
5071 4
5072 4
5073 4
5074 4
5075 4
5076 4
5077 4
5078 4
5079 4
5080 4
5081 4
5082 4
5083 4
5084 4
5085 4
5086 4
5087 4
5088 4
5089 4
5090 4
5091 4
5092 4
5093 4
5094 4
5095 4
5096 4
5097 4
5098 4
5099 4
5100 4
5101 4
5102 4
5103 4
5104 4
5105 4
5106 4
5107 4
5108 4
5109 4
5110 4
5111 4
5112 4
5113 4
5114 4
5115 4
5116 4
5117 4
5118 4
5119 4
5120 4
5121 4
5122 4
5123 4
5124 4
5125 4
5126 4
5127 4
5128 4
5129 4
5130 4
5131 4
5132 4
5133 4
5134 4
5135 4
5136 4
5137 4
5138 4
5139 4
5140 4
5141 4
5142 4
5143 4
5144 4
5145 4
5146 4
5147 4
5148 4
5149 4
5150 4
5151 4
5152 4
5153 4
5154 4
5155 4
5156 4
5157 4
5158 4
5159 4
5160 4
5161 3
5162 3
5163 3
5164 3
5165 3
5166 3
5167 3
5168 3
5169 3
5170 3
5171 3
5172 3
5173 3
5174 3
5175 3
5176 3
5177 3
5178 3
5179 3
5180 3
5181 3
5182 3
5183 3
5184 3
5185 2
5186 2
5187 2
5188 2
5189 2
5190 2
5191 2
5192 2
5193 2
5194 2
5195 2
5196 2
5197 2
5198 2
5199 2
5200 2
5201 2
5202 2
5203 2
5204 2
5205 2
5206 2
5207 2
5208 2
5209 2
5210 2
5211 2
5212 2
5213 2
5214 2
5215 2
5216 2
5217 2
5218 2
5219 2
5220 2
5221 2
5222 2
5223 2
5224 2
5225 2
5226 2
5227 2
5228 2
5229 2
5230 2
5231 2
5232 2
5233 2
5234 2
5235 2
5236 2
5237 2
5238 2
5239 2
5240 2
5241 2
5242 2
5243 2
5244 2
5245 2
5246 2
5247 2
5248 2
5249 2
5250 2
5251 2
5252 2
5253 2
5254 2
5255 2
5256 2
5257 2
5258 2
5259 2
5260 2
5261 2
5262 2
5263 2
5264 2
5265 2
5266 2
5267 2
5268 2
5269 2
5270 2
5271 2
5272 2
5273 2
5274 2
5275 2
5276 1
5277 1
5278 1
5279 1
5280 1
5281 1
5282 1
5283 1
5284 1
5285 1
5286 1
5287 1
5288 1
5289 1
5290 1
5291 1
5292 1
5293 1
5294 1
5295 1
5296 1
5297 1
5298 1
5299 1
5300 1
5301 1
5302 1
5303 1
5304 1
5305 1
5306 1
5307 1
5308 1
5309 1
5310 1
5311 1
5312 1
5313 1
5314 1
5315 1
5316 1
5317 1
5318 1
5319 1
5320 1
5321 1
5322 1
5323 1
5324 1
5325 1
5326 1
5327 1
5328 1
5329 1
5330 1
5331 1
5332 1
5333 1
5334 1
5335 1
5336 1
5337 1
5338 1
5339 1
5340 1
5341 1
5342 1
5343 1
5344 1
5345 1
5346 1
5347 1
5348 1
5349 1
5350 1
5351 1
5352 1
5353 1
5354 1
5355 1
5356 1
5357 1
5358 1
5359 1
5360 1
5361 1
5362 1
5363 1
5364 1
5365 1
5366 1
5367 1
5368 1
5369 1
5370 1
5371 1
5372 1
5373 1
5374 1
5375 1
5376 1
5377 1
5378 1
5379 1
5380 1
5381 1
5382 1
5383 1
5384 1
5385 1
5386 1
5387 1
5388 1
5389 1
5390 1
5391 1
5392 1
5393 1
5394 1
5395 1
5396 1
5397 1
5398 1
5399 1
5400 1
5401 1
5402 1
5403 1
5404 1
5405 1
5406 1
5407 1
5408 1
5409 1
5410 1
5411 1
5412 1
5413 1
5414 1
5415 1
5416 1
5417 1
5418 1
5419 1
5420 1
5421 1
5422 1
5423 1
5424 1
5425 1
5426 1
5427 1
5428 1
5429 1
5430 1
5431 1
5432 1
5433 1
5434 1
5435 1
5436 1
5437 1
5438 1
5439 1
5440 1
5441 1
5442 1
5443 1
5444 1
5445 1
5446 1
5447 1
5448 1
5449 1
5450 1
5451 1
5452 1
5453 1
5454 1
5455 1
5456 1
5457 1
5458 1
5459 1
5460 1
5461 1
5462 1
5463 1
5464 1
5465 1
5466 1
5467 1
5468 1
5469 1
5470 1
5471 1
5472 1
5473 1
5474 1
5475 1
5476 1
5477 1
5478 1
5479 1
5480 1
5481 1
5482 1
5483 1
5484 1
5485 1
5486 1
5487 1
5488 1
5489 1
5490 1
5491 1
5492 1
5493 1
5494 1
5495 1
5496 1
5497 1
5498 1
5499 1
5500 1
5501 1
5502 1
5503 1
5504 1
5505 1
5506 1
5507 1
5508 1
5509 1
5510 1
5511 1
5512 1
5513 1
5514 1
5515 1
5516 1
5517 1
5518 1
5519 1
5520 1
5521 1
5522 1
5523 1
5524 1
5525 1
5526 1
5527 1
5528 1
5529 1
5530 1
5531 1
5532 1
5533 1
5534 1
5535 1
5536 1
5537 1
5538 1
5539 1
5540 1
5541 1
5542 1
5543 1
5544 1
5545 1
5546 1
5547 1
5548 1
5549 1
5550 1
5551 1
5552 1
5553 1
5554 1
5555 1
5556 1
5557 1
5558 1
5559 1
5560 1
5561 1
5562 1
5563 1
5564 1
5565 1
5566 1
5567 1
5568 1
5569 1
5570 1
5571 1
5572 1
5573 1
5574 1
5575 1
5576 1
5577 1
5578 1
5579 1
5580 1
5581 1
5582 1
5583 1
5584 1
5585 1
5586 1
5587 1
5588 1
5589 1
5590 1
5591 1
5592 1
5593 1
5594 1
5595 1
5596 1
5597 1
5598 1
5599 1
5600 1
5601 1
5602 1
5603 1
5604 1
5605 1
5606 1
5607 1
5608 1
5609 1
5610 1
5611 1
5612 1
5613 1
5614 1
5615 1
5616 1
5617 1
5618 1
5619 1
5620 1
5621 1
5622 1
5623 1
5624 1
5625 1
5626 1
5627 1
5628 1
5629 1
5630 1
5631 1
5632 1
5633 1
5634 1
5635 1
5636 1
5637 1
5638 1
5639 1
5640 1
5641 1
5642 1
5643 1
5644 1
5645 1
5646 1
5647 1
5648 1
5649 1
5650 1
5651 1
5652 1
5653 1
5654 1
5655 1
5656 1
5657 1
5658 1
5659 1
5660 1
5661 1
5662 1
5663 1
5664 1
5665 1
5666 1
5667 1
5668 1
5669 1
5670 1
5671 1
5672 1
5673 1
5674 1
5675 1
5676 1
5677 1
5678 1
5679 1
5680 1
5681 1
5682 1
5683 1
5684 1
5685 1
5686 1
5687 1
5688 1
5689 1
5690 1
5691 1
5692 1
5693 1
5694 1
5695 1
5696 1
5697 1
5698 1
5699 1
5700 1
5701 1
5702 1
5703 1
5704 1
5705 1
5706 1
5707 1
5708 1
5709 1
5710 1
5711 1
5712 1
5713 1
5714 1
5715 1
5716 1
5717 1
5718 1
5719 1
5720 1
5721 1
5722 1
5723 1
5724 1
5725 1
5726 1
5727 1
5728 1
5729 1
5730 1
5731 1
5732 1
5733 1
5734 1
5735 1
5736 1
5737 1
5738 1
5739 1
5740 1
5741 1
5742 1
5743 1
5744 1
5745 1
5746 1
5747 1
5748 1
5749 1
5750 1
5751 1
5752 1
5753 1
5754 1
5755 1
5756 1
5757 1
5758 1
5759 1
5760 1
5761 1
5762 1
5763 1
5764 1
5765 1
5766 1
5767 1
5768 1
5769 1
5770 1
5771 1
5772 1
5773 1
5774 1
5775 1
5776 1
5777 1
5778 1
5779 1
5780 1
5781 1
5782 1
5783 1
5784 1
5785 1
5786 1
5787 1
5788 1
5789 1
5790 1
5791 1
5792 1
5793 1
5794 1
5795 1
5796 1
5797 1
5798 1
5799 1
5800 1
5801 1
5802 1
5803 1
5804 1
5805 1
5806 1
5807 1
5808 1
5809 1
5810 1
5811 1
5812 1
5813 1
5814 1
5815 1
5816 1
5817 1
5818 1
5819 1
5820 1
5821 1
5822 1
5823 1
5824 1
5825 1
5826 1
5827 1
5828 1
5829 1
5830 1
5831 1
5832 1
5833 1
5834 1
5835 1
5836 1
5837 1
5838 1
5839 1
5840 1
5841 1
5842 1
5843 1
5844 1
5845 1
5846 1
5847 1
5848 1
5849 1
5850 1
5851 1
5852 1
5853 1
5854 1
5855 1
5856 1
5857 1
5858 1
5859 1
5860 1
5861 1
5862 1
5863 1
5864 1
5865 1
5866 1
5867 1
5868 1
5869 1
5870 1
5871 1
5872 1
5873 1
5874 1
5875 1
5876 1
5877 1
5878 1
5879 1
5880 1
5881 1
5882 1
5883 1
5884 1
5885 1
5886 1
5887 1
5888 1
5889 1
5890 1
5891 1
5892 1
5893 1
5894 1
5895 1
5896 1
5897 1
5898 1
5899 1
5900 1
5901 1
5902 1
5903 1
5904 1
5905 1
5906 1
5907 1
5908 1
5909 1
5910 1
5911 1
5912 1
5913 1
5914 1
5915 1
5916 1
5917 1
5918 1
5919 1
5920 1
5921 1
5922 1
5923 1
5924 1
5925 1
5926 1
5927 1
5928 1
5929 1
5930 1
5931 1
5932 1
5933 1
5934 1
5935 1
5936 1
5937 1
5938 1
5939 1
5940 1
5941 1
5942 1
5943 1
5944 1
5945 1
5946 1
5947 1
5948 1
5949 1
5950 1
5951 1
5952 1
5953 1
5954 1
5955 1
5956 1
5957 1
5958 1
5959 1
5960 1
5961 1
5962 1
5963 1
5964 1
5965 1
5966 1
5967 1
5968 1
5969 1
5970 1
5971 1
5972 1
5973 1
5974 1
5975 1
5976 1
5977 1
5978 1
5979 1
5980 1
5981 1
5982 1
5983 1
5984 1
5985 1
5986 1
5987 1
5988 1
5989 1
5990 1
5991 1
5992 1
5993 1
5994 1
5995 1
5996 1
5997 1
5998 1
5999 1
6000 1
6001 1
6002 1
6003 1
6004 1
6005 1
6006 1
6007 1
6008 1
6009 1
6010 1
6011 1
6012 1
6013 1
6014 1
6015 1
6016 1
6017 1
6018 1
6019 1
6020 1
6021 1
6022 1
6023 1
6024 1
6025 1
6026 1
6027 1
6028 1
6029 1
6030 1
6031 1
6032 1
6033 1
6034 1
6035 1
6036 1
6037 1
6038 1
6039 1
6040 1
6041 1
6042 1
6043 1
6044 1
6045 1
6046 1
6047 1
6048 1
6049 1
6050 1
6051 1
6052 1
6053 1
6054 1
6055 1
6056 1
6057 1
6058 1
6059 1
6060 1
6061 1
6062 1
6063 1
6064 1
6065 1
6066 1
6067 1
6068 1
6069 1
6070 1
6071 1
6072 1
6073 1
6074 1
6075 1
6076 1
6077 1
6078 1
6079 1
6080 1
6081 1
6082 1
6083 1
6084 1
6085 1
6086 1
6087 1
6088 1
6089 1
6090 1
6091 1
6092 1
6093 1
6094 1
6095 1
6096 1
6097 1
6098 1
6099 1
6100 1
6101 1
6102 1
6103 1
6104 1
6105 1
6106 1
6107 1
6108 1
6109 1
6110 1
6111 1
6112 1
6113 1
6114 1
6115 1
6116 1
6117 1
6118 1
6119 1
6120 1
6121 1
6122 1
6123 1
6124 1
6125 1
6126 1
6127 1
6128 1
6129 1
6130 1
6131 1
6132 1
6133 1
6134 1
6135 1
6136 1
6137 1
6138 1
6139 1
6140 1
6141 1
6142 1
6143 1
6144 1
6145 1
6146 1
6147 1
6148 1
6149 1
6150 1
6151 1
6152 1
6153 1
6154 1
6155 1
6156 1
6157 1
6158 1
6159 1
6160 1
6161 1
6162 1
6163 1
6164 1
6165 1
6166 1
6167 1
6168 1
6169 1
6170 1
6171 1
6172 1
6173 1
6174 1
6175 1
6176 1
6177 1
6178 1
6179 1
6180 1
6181 1
6182 1
6183 1
6184 1
6185 1
6186 1
6187 1
6188 1
6189 1
6190 1
6191 1
6192 1
6193 1
6194 1
6195 1
6196 1
6197 1
6198 1
6199 1
6200 1
6201 1
6202 1
6203 1
6204 1
6205 1
6206 1
6207 1
6208 1
6209 1
6210 1
6211 1
6212 1
6213 1
6214 1
6215 1
6216 1
6217 1
6218 1
6219 1
6220 1
6221 1
6222 1
6223 1
6224 1
6225 1
6226 1
6227 1
6228 1
6229 1
6230 1
6231 1
6232 1
6233 1
6234 1
6235 1
6236 1
6237 1
6238 1
6239 1
6240 1
6241 1
6242 1
6243 1
6244 1
6245 1
6246 1
6247 1
6248 1
6249 1
6250 1
6251 1
6252 1
6253 1
6254 1
6255 1
6256 1
6257 1
6258 1
6259 1
6260 1
6261 1
6262 1
6263 1
6264 1
6265 1
6266 1
6267 1
6268 1
6269 1
6270 1
6271 1
6272 1
6273 1
6274 1
6275 1
6276 1
6277 1
6278 1
6279 1
6280 1
6281 1
6282 1
6283 1
6284 1
6285 1
6286 1
6287 1
6288 1
6289 1
6290 1
6291 1
6292 1
6293 1
6294 1
6295 1
6296 1
6297 1
6298 1
6299 1
6300 1
6301 1
6302 1
6303 1
6304 1
6305 1
6306 1
6307 1
6308 1
6309 1
6310 1
6311 1
6312 1
6313 1
6314 1
6315 1
6316 1
6317 1
6318 1
6319 1
6320 1
6321 1
6322 1
6323 1
6324 1
6325 1
6326 1
6327 1
6328 1
6329 1
6330 1
6331 1
6332 1
6333 1
6334 1
6335 1
6336 1
6337 1
6338 1
6339 1
6340 1
6341 1
6342 1
6343 1
6344 1
6345 1
6346 1
6347 1
6348 1
6349 1
6350 1
6351 1
6352 1
6353 1
6354 1
6355 1
6356 1
6357 1
6358 1
6359 1
6360 1
6361 1
6362 1
6363 1
6364 1
6365 1
6366 1
6367 1
6368 1
6369 1
6370 1
6371 1
6372 1
6373 1
6374 1
6375 1
6376 1
6377 1
6378 1
6379 1
6380 1
6381 1
6382 1
6383 1
6384 1
6385 1
6386 1
6387 1
6388 1
6389 1
6390 1
6391 1
6392 1
6393 1
6394 1
6395 1
6396 1
6397 1
6398 1
6399 1
6400 1
6401 1
6402 1
6403 1
6404 1
6405 1
6406 1
6407 1
6408 1
6409 1
6410 1
6411 1
6412 1
6413 1
6414 1
6415 1
6416 1
6417 1
6418 1
6419 1
6420 1
6421 1
6422 1
6423 1
6424 1
6425 1
6426 1
6427 1
6428 1
6429 1
6430 1
6431 1
6432 1
6433 1
6434 1
6435 1
6436 1
6437 1
6438 1
6439 1
6440 1
6441 1
6442 1
6443 1
6444 1
6445 1
6446 1
6447 1
6448 1
6449 1
6450 1
6451 1
6452 1
6453 1
6454 1
6455 1
6456 1
6457 1
6458 1
6459 1
6460 1
6461 1
6462 1
6463 1
6464 1
6465 1
6466 1
6467 1
6468 1
6469 1
6470 1
6471 1
6472 1
6473 1
6474 1
6475 1
6476 1
6477 1
6478 1
6479 1
6480 1
6481 1
6482 1
6483 1
6484 1
6485 1
6486 1
6487 1
6488 1
6489 1
6490 1
6491 1
6492 1
6493 1
6494 1
6495 1
6496 1
6497 1
6498 1
6499 1
6500 1
6501 1
6502 1
6503 1
6504 1
6505 1
6506 1
6507 1
6508 1
6509 1
6510 1
6511 1
6512 1
6513 1
6514 1
6515 1
6516 1
6517 1
6518 1
6519 1
6520 1
6521 1
6522 1
6523 1
6524 1
6525 1
6526 1
6527 1
6528 1
6529 1
6530 1
6531 1
6532 1
6533 1
6534 1
6535 1
6536 1
6537 1
6538 1
6539 1
6540 1
6541 1
6542 1
6543 1
6544 1
6545 1
6546 1
6547 1
6548 1
6549 1
6550 1
6551 1
6552 1
6553 1
6554 1
6555 1
6556 1
6557 1
6558 1
6559 1
6560 1
6561 1
6562 1
6563 1
6564 1
6565 1
6566 1
6567 1
6568 1
6569 1
6570 1
6571 1
6572 1
6573 1
6574 1
6575 1
6576 1
6577 1
6578 1
6579 1
6580 1
6581 1
6582 1
6583 1
6584 1
6585 1
6586 1
6587 1
6588 1
6589 1
6590 1
6591 1
6592 1
6593 1
6594 1
6595 1
6596 1
6597 1
6598 1
6599 1
6600 1
6601 1
6602 1
6603 1
6604 1
6605 1
6606 1
6607 1
6608 1
6609 1
6610 1
6611 1
6612 1
6613 1
6614 1
6615 1
6616 1
6617 1
6618 1
6619 1
6620 1
6621 1
6622 1
6623 1
6624 1
6625 1
6626 1
6627 1
6628 1
6629 1
6630 1
6631 1
6632 1
6633 1
6634 1
6635 1
6636 1
6637 1
6638 1
6639 1
6640 1
6641 1
6642 1
6643 1
6644 1
6645 1
6646 1
6647 1
6648 1
6649 1
6650 1
6651 1
6652 1
6653 1
6654 1
6655 1
6656 1
6657 1
6658 1
6659 1
6660 1
6661 1
6662 1
6663 1
6664 1
6665 1
6666 1
6667 1
6668 1
6669 1
6670 1
6671 1
6672 1
6673 1
6674 1
6675 1
6676 1
6677 1
6678 1
6679 1
6680 1
6681 1
6682 1
6683 1
6684 1
6685 1
6686 1
6687 1
6688 1
6689 1
6690 1
6691 1
6692 1
6693 1
6694 1
6695 1
6696 1
6697 1
6698 1
6699 1
6700 1
6701 1
6702 1
6703 1
6704 1
6705 1
6706 1
6707 1
6708 1
6709 1
6710 1
6711 1
6712 1
6713 1
6714 1
6715 1
6716 1
6717 1
6718 1
6719 1
6720 1
6721 1
6722 1
6723 1
6724 1
6725 1
6726 1
6727 1
6728 1
6729 1
6730 1
6731 1
6732 1
6733 1
6734 1
6735 1
6736 1
6737 1
6738 1
6739 1
6740 1
6741 1
6742 1
6743 1
6744 1
6745 1
6746 1
6747 1
6748 1
6749 1
6750 1
6751 1
6752 1
6753 1
6754 1
6755 1
6756 1
6757 1
6758 1
6759 1
6760 1
6761 1
6762 1
6763 1
6764 1
6765 1
6766 1
6767 1
6768 1
6769 1
6770 1
6771 1
6772 1
6773 1
6774 1
6775 1
6776 1
6777 1
6778 1
6779 1
6780 1
6781 1
6782 1
6783 1
6784 1
6785 1
6786 1
6787 1
6788 1
6789 1
6790 1
6791 1
6792 1
6793 1
6794 1
6795 1
6796 1
6797 1
6798 1
6799 1
6800 1
6801 1
6802 1
6803 1
6804 1
6805 1
6806 1
6807 1
6808 1
6809 1
6810 1
6811 1
6812 1
6813 1
6814 1
6815 1
6816 1
6817 1
6818 1
6819 1
6820 1
6821 1
6822 1
6823 1
6824 1
6825 1
6826 1
6827 1
6828 1
6829 1
6830 1
6831 1
6832 1
6833 1
6834 1
6835 1
6836 1
6837 1
6838 1
6839 1
6840 1
6841 1
6842 1
6843 1
6844 1
6845 1
6846 1
6847 1
6848 1
6849 1
6850 1
6851 1
6852 1
6853 1
6854 1
6855 1
6856 1
6857 1
6858 1
6859 1
6860 1
6861 1
6862 1
6863 1
6864 1
6865 1
6866 1
6867 1
6868 1
6869 1
6870 1
6871 1
6872 1
6873 1
6874 1
6875 1
6876 1
6877 1
6878 1
6879 1
6880 1
6881 1
6882 1
6883 1
6884 1
6885 1
6886 1
6887 1
6888 1
6889 1
6890 1
6891 1
6892 1
6893 1
6894 1
6895 1
6896 1
6897 1
6898 1
6899 1
6900 1
6901 1
6902 1
6903 1
6904 1
6905 1
6906 1
6907 1
6908 1
6909 1
6910 1
6911 1
6912 1
6913 1
6914 1
6915 1
6916 1
6917 1
6918 1
6919 1
6920 1
6921 1
6922 1
6923 1
6924 1
6925 1
6926 1
6927 1
6928 1
6929 1
6930 1
6931 1
6932 1
6933 1
6934 1
6935 1
6936 1
6937 1
6938 1
6939 1
6940 1
6941 1
6942 1
6943 1
6944 1
6945 1
6946 1
6947 1
6948 1
6949 1
6950 1
6951 1
6952 1
6953 1
6954 1
6955 1
6956 1
6957 1
6958 1
6959 1
6960 1
6961 1
6962 1
6963 1
6964 1
6965 1
6966 1
6967 1
6968 1
6969 1
6970 1
6971 1
6972 1
6973 1
6974 1
6975 1
6976 1
6977 1
6978 1
6979 1
6980 1
6981 1
6982 1
6983 1
6984 1
6985 1
6986 1
6987 1
6988 1
6989 1
6990 1
6991 1
6992 1
6993 1
6994 1
6995 1
6996 1
6997 1
6998 1
6999 1
7000 1
7001 1
7002 1
7003 1
7004 1
7005 1
7006 1
7007 1
7008 1
7009 1
7010 1
7011 1
7012 1
7013 1
7014 1
7015 1
7016 1
7017 1
7018 1
7019 1
7020 1
7021 1
7022 1
7023 1
7024 1
7025 1
7026 1
7027 1
7028 1
7029 1
7030 1
7031 1
7032 1
7033 1
7034 1
7035 1
7036 1
7037 1
7038 1
7039 1
7040 1
7041 1
7042 1
7043 1
7044 1
7045 1
7046 1
7047 1
7048 1
7049 1
7050 1
7051 1
7052 1
7053 1
7054 1
7055 1
7056 1
7057 1
7058 1
7059 1
7060 1
7061 1
7062 1
7063 1
7064 1
7065 1
7066 1
7067 1
7068 1
7069 1
7070 1
7071 1
7072 1
7073 1
7074 1
7075 1
7076 1
7077 1
7078 1
7079 1
7080 1
7081 1
7082 1
7083 1
7084 1
7085 1
7086 1
7087 1
7088 1
7089 1
7090 1
7091 1
7092 1
7093 1
7094 1
7095 1
7096 1
7097 1
7098 1
7099 1
7100 1
7101 1
7102 1
7103 1
7104 1
7105 1
7106 1
7107 1
7108 1
7109 1
7110 1
7111 1
7112 1
7113 1
7114 1
7115 1
7116 1
7117 1
7118 1
7119 1
7120 1
7121 1
7122 1
7123 1
7124 1
7125 1
7126 1
7127 1
7128 1
7129 1
7130 1
7131 1
7132 1
7133 1
7134 1
7135 1
7136 1
7137 1
7138 1
7139 1
7140 1
7141 1
7142 1
7143 1
7144 1
7145 1
7146 1
7147 1
7148 1
7149 1
7150 1
7151 1
7152 1
7153 1
7154 1
7155 1
7156 1
7157 1
7158 1
7159 1
7160 1
7161 1
7162 1
7163 1
7164 1
7165 1
7166 1
7167 1
7168 1
7169 1
7170 1
7171 1
7172 1
7173 1
7174 1
7175 1
7176 1
7177 1
7178 1
7179 1
7180 1
7181 1
7182 1
7183 1
7184 1
7185 1
7186 1
7187 1
7188 1
7189 1
7190 1
7191 1
7192 1
7193 1
7194 1
7195 1
7196 1
7197 1
7198 1
7199 1
7200 1
7201 1
7202 1
7203 1
7204 1
7205 1
7206 1
7207 1
7208 1
7209 1
7210 1
7211 1
7212 1
7213 1
7214 1
7215 1
7216 1
7217 1
7218 1
7219 1
7220 1
7221 1
7222 1
7223 1
7224 1
7225 1
7226 1
7227 1
7228 1
7229 1
7230 1
7231 1
7232 1
7233 1
7234 1
7235 1
7236 1
7237 1
7238 1
7239 1
7240 1
7241 1
7242 1
7243 1
7244 1
7245 1
7246 1
7247 1
7248 1
7249 1
7250 1
7251 1
7252 1
7253 1
7254 1
7255 1
7256 1
7257 1
7258 1
7259 1
7260 1
7261 1
7262 1
7263 1
7264 1
7265 1
7266 1
7267 1
7268 1
7269 1
7270 1
7271 1
7272 1
7273 1
7274 1
7275 1
7276 1
7277 1
7278 1
7279 1
7280 1
7281 1
7282 1
7283 1
7284 1
7285 1
7286 1
7287 1
7288 1
7289 1
7290 1
7291 1
7292 1
7293 1
7294 1
7295 1
7296 1
7297 1
7298 1
7299 1
7300 1
7301 1
7302 1
7303 1
7304 1
7305 1
7306 1
7307 1
7308 1
7309 1
7310 1
7311 1
7312 1
7313 1
7314 1
7315 1
7316 1
7317 1
7318 1
7319 1
7320 1
7321 1
7322 1
7323 1
7324 1
7325 1
7326 1
7327 1
7328 1
7329 1
7330 1
7331 1
7332 1
7333 1
7334 1
7335 1
7336 1
7337 1
7338 1
7339 1
7340 1
7341 1
7342 1
7343 1
7344 1
7345 1
7346 1
7347 1
7348 1
7349 1
7350 1
7351 1
7352 1
7353 1
7354 1
7355 1
7356 1
7357 1
7358 1
7359 1
7360 1
7361 1
7362 1
7363 1
7364 1
7365 1
7366 1
7367 1
7368 1
7369 1
7370 1
7371 1
7372 1
7373 1
7374 1
7375 1
7376 1
7377 1
7378 1
7379 1
7380 1
7381 1
7382 1
7383 1
7384 1
7385 1
7386 1
7387 1
7388 1
7389 1
7390 1
7391 1
7392 1
7393 1
7394 1
7395 1
7396 1
7397 1
7398 1
7399 1
7400 1
7401 1
7402 1
7403 1
7404 1
7405 1
7406 1
7407 1
7408 1
7409 1
7410 1
7411 1
7412 1
7413 1
7414 1
7415 1
7416 1
7417 1
7418 1
7419 1
7420 1
7421 1
7422 1
7423 1
7424 1
7425 1
7426 1
7427 1
7428 1
7429 1
7430 1
7431 1
7432 1
7433 1
7434 1
7435 1
7436 1
7437 1
7438 1
7439 1
7440 1
7441 1
7442 1
7443 1
7444 1
7445 1
7446 1
7447 1
7448 1
7449 1
7450 1
7451 1
7452 1
7453 1
7454 1
7455 1
7456 1
7457 1
7458 1
7459 1
7460 1
7461 1
7462 1
7463 1
7464 1
7465 1
7466 1
7467 1
7468 1
7469 1
7470 1
7471 1
7472 1
7473 1
7474 1
7475 1
7476 1
7477 1
7478 1
7479 1
7480 1
7481 1
7482 1
7483 1
7484 1
7485 1
7486 1
7487 1
7488 1
7489 1
7490 1
7491 1
7492 1
7493 1
7494 1
7495 1
7496 1
7497 1
7498 1
7499 1
7500 1
7501 1
7502 1
7503 1
7504 1
7505 1
7506 1
7507 1
7508 1
7509 1
7510 1
7511 1
7512 1
7513 1
7514 1
7515 1
7516 1
7517 1
7518 1
7519 1
7520 1
7521 1
7522 1
7523 1
7524 1
7525 1
7526 1
7527 1
7528 1
7529 1
7530 1
7531 1
7532 1
7533 1
7534 1
7535 1
7536 1
7537 1
7538 1
7539 1
7540 1
7541 1
7542 1
7543 1
7544 1
7545 1
7546 1
7547 1
7548 1
7549 1
7550 1
7551 1
7552 1
7553 1
7554 1
7555 1
7556 1
7557 1
7558 1
7559 1
7560 1
7561 1
7562 1
7563 1
7564 1
7565 1
7566 1
7567 1
7568 1
7569 1
7570 1
7571 1
7572 1
7573 1
7574 1
7575 1
7576 1
7577 1
7578 1
7579 1
7580 1
7581 1
7582 1
7583 1
7584 1
7585 1
7586 1
7587 1
7588 1
7589 1
7590 1
7591 1
7592 1
7593 1
7594 1
7595 1
7596 1
7597 1
7598 1
7599 1
7600 1
7601 1
7602 1
7603 1
7604 1
7605 1
7606 1
7607 1
7608 1
7609 1
7610 1
7611 1
7612 1
7613 1
7614 1
7615 1
7616 1
7617 1
7618 1
7619 1
7620 1
7621 1
7622 1
7623 1
7624 1
7625 1
7626 1
7627 1
7628 1
7629 1
7630 1
7631 1
7632 1
7633 1
7634 1
7635 1
7636 1
7637 1
7638 1
7639 1
7640 1
7641 1
7642 1
7643 1
7644 1
7645 1
7646 1
7647 1
7648 1
7649 1
7650 1
7651 1
7652 1
7653 1
7654 1
7655 1
7656 1
7657 1
7658 1
7659 1
7660 1
7661 1
7662 1
7663 1
7664 1
7665 1
7666 1
7667 1
7668 1
7669 1
7670 1
7671 1
7672 1
7673 1
7674 1
7675 1
7676 1
7677 1
7678 1
7679 1
7680 1
7681 1
7682 1
7683 1
7684 1
7685 1
7686 1
7687 1
7688 1
7689 1
7690 1
7691 1
7692 1
7693 1
7694 1
7695 1
7696 1
7697 1
7698 1
7699 1
7700 1
7701 1
7702 1
7703 1
7704 1
7705 1
7706 1
7707 1
7708 1
7709 1
7710 1
7711 1
7712 1
7713 1
7714 1
7715 1
7716 1
7717 1
7718 1
7719 1
7720 1
7721 1
7722 1
7723 1
7724 1
7725 1
7726 1
7727 1
7728 1
7729 1
7730 1
7731 1
7732 1
7733 1
7734 1
7735 1
7736 1
7737 1
7738 1
7739 1
7740 1
7741 1
7742 1
7743 1
7744 1
7745 1
7746 1
7747 1
7748 1
7749 1
7750 1
7751 1
7752 1
7753 1
7754 1
7755 1
7756 1
7757 1
7758 1
7759 1
7760 1
7761 1
7762 1
7763 1
7764 1
7765 1
7766 1
7767 1
7768 1
7769 1
7770 1
7771 1
7772 1
7773 1
7774 1
7775 1
7776 1
7777 1
7778 1
7779 1
7780 1
7781 1
7782 1
7783 1
7784 1
7785 1
7786 1
7787 1
7788 1
7789 1
7790 1
7791 1
7792 1
7793 1
7794 1
7795 1
7796 1
7797 1
7798 1
7799 1
7800 1
7801 1
7802 1
7803 1
7804 1
7805 1
7806 1
7807 1
7808 1
7809 1
7810 1
7811 1
7812 1
7813 1
7814 1
7815 1
7816 1
7817 1
7818 1
7819 1
7820 1
7821 1
7822 1
7823 1
7824 1
7825 1
7826 1
7827 1
7828 1
7829 1
7830 1
7831 1
7832 1
7833 1
7834 1
7835 1
7836 1
7837 1
7838 1
7839 1
7840 1
7841 1
7842 1
7843 1
7844 1
7845 1
7846 1
7847 1
7848 1
7849 1
7850 1
7851 1
7852 1
7853 1
7854 1
7855 1
7856 1
7857 1
7858 1
7859 1
7860 1
7861 1
7862 1
7863 1
7864 1
7865 1
7866 1
7867 1
7868 1
7869 1
7870 1
7871 1
7872 1
7873 1
7874 1
7875 1
7876 1
7877 1
7878 1
7879 1
7880 1
7881 1
7882 1
7883 1
7884 1
7885 1
7886 1
7887 1
7888 1
7889 1
7890 1
7891 1
7892 1
7893 1
7894 1
7895 1
7896 1
7897 1
7898 1
7899 1
7900 1
7901 1
7902 1
7903 1
7904 1
7905 1
7906 1
7907 1
7908 1
7909 1
7910 1
7911 1
7912 1
7913 1
7914 1
7915 1
7916 1
7917 1
7918 1
7919 1
7920 1
7921 1
7922 1
7923 1
7924 1
7925 1
7926 1
7927 1
7928 1
7929 1
7930 1
7931 1
7932 1
7933 1
7934 1
7935 1
7936 1
7937 1
7938 1
7939 1
7940 1
7941 1
7942 1
7943 1
7944 1
7945 1
7946 1
7947 1
7948 1
7949 1
7950 1
7951 1
7952 1
7953 1
7954 1
7955 1
7956 1
7957 1
7958 1
7959 1
7960 1
7961 1
7962 1
7963 1
7964 1
7965 1
7966 1
7967 1
7968 1
7969 1
7970 1
7971 1
7972 1
7973 1
7974 1
7975 1
7976 1
7977 1
7978 1
7979 1
7980 1
7981 1
7982 1
7983 1
7984 1
7985 1
7986 1
7987 1
7988 1
7989 1
7990 1
7991 1
7992 1
7993 1
7994 1
7995 1
7996 1
7997 1
7998 1
7999 1
8000 1
8001 1
8002 1
8003 1
8004 1
8005 1
8006 1
8007 1
8008 1
8009 1
8010 1
8011 1
8012 1
8013 1
8014 1
8015 1
8016 1
8017 1
8018 1
8019 1
8020 1
8021 1
8022 1
8023 1
8024 1
8025 1
8026 1
8027 1
8028 1
8029 1
8030 1
8031 1
8032 1
8033 1
8034 1
8035 1
8036 1
8037 1
8038 1
8039 1
8040 1
8041 1
8042 1
8043 1
8044 1
8045 1
8046 1
8047 1
8048 1
8049 1
8050 1
8051 1
8052 1
8053 1
8054 1
8055 1
8056 1
8057 1
8058 1
8059 1
8060 1
8061 1
8062 1
8063 1
8064 1
8065 1
8066 1
8067 1
8068 1
8069 1
8070 1
8071 1
8072 1
8073 1
8074 1
8075 1
8076 1
8077 1
8078 1
8079 1
8080 1
8081 1
8082 1
8083 1
8084 1
8085 1
8086 1
8087 1
8088 1
8089 1
8090 1
8091 1
8092 1
8093 1
8094 1
8095 1
8096 1
8097 1
8098 1
8099 1
8100 1
8101 1
8102 1
8103 1
8104 1
8105 1
8106 1
8107 1
8108 1
8109 1
8110 1
8111 1
8112 1
8113 1
8114 1
8115 1
8116 1
8117 1
8118 1
8119 1
8120 1
8121 1
8122 1
8123 1
8124 1
8125 1
8126 1
8127 1
8128 1
8129 1
8130 1
8131 1
8132 1
8133 1
8134 1
8135 1
8136 1
8137 1
8138 1
8139 1
8140 1
8141 1
8142 1
8143 1
8144 1
8145 1
8146 1
8147 1
8148 1
8149 1
8150 1
8151 1
8152 1
8153 1
8154 1
8155 1
8156 1
8157 1
8158 1
8159 1
8160 1
8161 1
8162 1
8163 1
8164 1
8165 1
8166 1
8167 1
8168 1
8169 1
8170 1
8171 1
8172 1
8173 1
8174 1
8175 1
8176 1
8177 1
8178 1
8179 1
8180 1
8181 1
8182 1
8183 1
8184 1
8185 1
8186 1
8187 1
8188 1
8189 1
8190 1
8191 1
8192 1
8193 1
8194 1
8195 1
8196 1
8197 1
8198 1
8199 1
8200 1
8201 1
8202 1
8203 1
8204 1
8205 1
8206 1
8207 1
8208 1
8209 1
8210 1
8211 1
8212 1
8213 1
8214 1
8215 1
8216 1
8217 1
8218 1
8219 1
8220 1
8221 1
8222 1
8223 1
8224 1
8225 1
8226 1
8227 1
8228 1
8229 1
8230 1
8231 1
8232 1
8233 1
8234 1
8235 1
8236 1
8237 1
8238 1
8239 1
8240 1
8241 1
8242 1
8243 1
8244 1
8245 1
8246 1
8247 1
8248 1
8249 1
8250 1
8251 1
8252 1
8253 1
8254 1
8255 1
8256 1
8257 1
8258 1
8259 1
8260 1
8261 1
8262 1
8263 1
8264 1
8265 1
8266 1
8267 1
8268 1
8269 1
8270 1
8271 1
8272 1
8273 1
8274 1
8275 1
8276 1
8277 1
8278 1
8279 1
8280 1
8281 1
8282 1
8283 1
8284 1
8285 1
8286 1
8287 1
8288 1
8289 1
8290 1
8291 1
8292 1
8293 1
8294 1
8295 1
8296 1
8297 1
8298 1
8299 1
8300 1
8301 1
8302 1
8303 1
8304 1
8305 1
8306 1
8307 1
8308 1
8309 1
8310 1
8311 1
8312 1
8313 1
8314 1
8315 1
8316 1
8317 1
8318 1
8319 1
8320 1
8321 1
8322 1
8323 1
8324 1
8325 1
8326 1
8327 1
8328 1
8329 1
8330 1
8331 1
8332 1
8333 1
8334 1
8335 1
8336 1
8337 1
8338 1
8339 1
8340 1
8341 1
8342 1
8343 1
8344 1
8345 1
8346 1
8347 1
8348 1
8349 1
8350 1
8351 1
8352 1
8353 1
8354 1
8355 1
8356 1
8357 1
8358 1
8359 1
8360 1
8361 1
8362 1
8363 1
8364 1
8365 1
8366 1
8367 1
8368 1
8369 1
8370 1
8371 1
8372 1
8373 1
8374 1
8375 1
8376 1
8377 1
8378 1
8379 1
8380 1
8381 1
8382 1
8383 1
8384 1
8385 1
8386 1
8387 1
8388 1
8389 1
8390 1
8391 1
8392 1
8393 1
8394 1
8395 1
8396 1
8397 1
8398 1
8399 1
8400 1
8401 1
8402 1
8403 1
8404 1
8405 1
8406 1
8407 1
8408 1
8409 1
8410 1
8411 1
8412 1
8413 1
8414 1
8415 1
8416 1
8417 1
8418 1
8419 1
8420 1
8421 1
8422 1
8423 1
8424 1
8425 1
8426 1
8427 1
8428 1
8429 1
8430 1
8431 1
8432 1
8433 1
8434 1
8435 1
8436 1
8437 1
8438 1
8439 1
8440 1
8441 1
8442 1
8443 1
8444 1
8445 1
8446 1
8447 1
8448 1
8449 1
8450 1
8451 1
8452 1
8453 1
8454 1
8455 1
8456 1
8457 1
8458 1
8459 1
8460 1
8461 1
8462 1
8463 1
8464 1
8465 1
8466 1
8467 1
8468 1
8469 1
8470 1
8471 1
8472 1
8473 1
8474 1
8475 1
8476 1
8477 1
8478 1
8479 1
8480 1
8481 1
8482 1
8483 1
8484 1
8485 1
8486 1
8487 1
8488 1
8489 1
8490 1
8491 1
8492 1
8493 1
8494 1
8495 1
8496 1
8497 1
8498 1
8499 1
8500 1
8501 1
8502 1
8503 1
8504 1
8505 1
8506 1
8507 1
8508 1
8509 1
8510 1
8511 1
8512 1
8513 1
8514 1
8515 1
8516 1
8517 1
8518 1
8519 1
8520 1
8521 1
8522 1
8523 1
8524 1
8525 1
8526 1
8527 1
8528 1
8529 1
8530 1
8531 1
8532 1
8533 1
8534 1
8535 1
8536 1
8537 1
8538 1
8539 1
8540 1
8541 1
8542 1
8543 1
8544 1
8545 1
8546 1
8547 1
8548 1
8549 1
8550 1
8551 1
8552 1
8553 1
8554 1
8555 1
8556 1
8557 1
8558 1
8559 1
8560 1
8561 1
8562 1
8563 1
8564 1
8565 1
8566 1
8567 1
8568 1
8569 1
8570 1
8571 1
8572 1
8573 1
8574 1
8575 1
8576 1
8577 1
8578 1
8579 1
8580 1
8581 1
8582 1
8583 1
8584 1
8585 1
8586 1
8587 1
8588 1
8589 1
8590 1
8591 1
8592 1
8593 1
8594 1
8595 1
8596 1
8597 1
8598 1
8599 1
8600 1
8601 1
8602 1
8603 1
8604 1
8605 1
8606 1
8607 1
8608 1
8609 1
8610 1
8611 1
8612 1
8613 1
8614 1
8615 1
8616 1
8617 1
8618 1
8619 1
8620 1
8621 1
8622 1
8623 1
8624 1
8625 1
8626 1
8627 1
8628 1
8629 1
8630 1
8631 1
8632 1
8633 1
8634 1
8635 1
8636 1
8637 1
8638 1
8639 1
8640 1
8641 1
8642 1
8643 1
8644 1
8645 1
8646 1
8647 1
8648 1
8649 1
8650 1
8651 1
8652 1
8653 1
8654 1
8655 1
8656 1
8657 1
8658 1
8659 1
8660 1
8661 1
8662 1
8663 1
8664 1
8665 1
8666 1
8667 1
8668 1
8669 1
8670 1
8671 1
8672 1
8673 1
8674 1
8675 1
8676 1
8677 1
8678 1
8679 1
8680 1
8681 1
8682 1
8683 1
8684 1
8685 1
8686 1
8687 1
8688 1
8689 1
8690 1
8691 1
8692 1
8693 1
8694 1
8695 1
8696 1
8697 1
8698 1
8699 1
8700 1
8701 1
8702 1
8703 1
8704 1
8705 1
8706 1
8707 1
8708 1
8709 1
8710 1
8711 1
8712 1
8713 1
8714 1
8715 1
8716 1
8717 1
8718 1
8719 1
8720 1
8721 1
8722 1
8723 1
8724 1
8725 1
8726 1
8727 1
8728 1
8729 1
8730 1
8731 1
8732 1
8733 1
8734 1
8735 1
8736 1
8737 1
8738 1
8739 1
8740 1
8741 1
8742 1
8743 1
8744 1
8745 1
8746 1
8747 1
8748 1
8749 1
8750 1
8751 1
8752 1
8753 1
8754 1
8755 1
8756 1
8757 1
8758 1
8759 1
8760 1
8761 1
8762 1
8763 1
8764 1
8765 1
8766 1
8767 1
8768 1
8769 1
8770 1
8771 1
8772 1
8773 1
8774 1
8775 1
8776 1
8777 1
8778 1
8779 1
8780 1
8781 1
8782 1
8783 1
8784 1
8785 1
8786 1
8787 1
8788 1
8789 1
8790 1
8791 1
8792 1
8793 1
8794 1
8795 1
8796 1
8797 1
8798 1
8799 1
8800 1
8801 1
8802 1
8803 1
8804 1
8805 1
8806 1
8807 1
8808 1
8809 1
8810 1
8811 1
8812 1
8813 1
8814 1
8815 1
8816 1
8817 1
8818 1
8819 1
8820 1
8821 1
8822 1
8823 1
8824 1
8825 1
8826 1
8827 1
8828 1
8829 1
8830 1
8831 1
8832 1
8833 1
8834 1
8835 1
8836 1
8837 1
8838 1
8839 1
8840 1
8841 1
8842 1
8843 1
8844 1
8845 1
8846 1
8847 1
8848 1
8849 1
8850 1
8851 1
8852 1
8853 1
8854 1
8855 1
8856 1
8857 1
8858 1
8859 1
8860 1
8861 1
8862 1
8863 1
8864 1
8865 1
8866 1
8867 1
8868 1
8869 1
8870 1
8871 1
8872 1
8873 1
8874 1
8875 1
8876 1
8877 1
8878 1
8879 1
8880 1
8881 1
8882 1
8883 1
8884 1
8885 1
8886 1
8887 1
8888 1
8889 1
8890 1
8891 1
8892 1
8893 1
8894 1
8895 1
8896 1
8897 1
8898 1
8899 1
8900 1
8901 1
8902 1
8903 1
8904 1
8905 1
8906 1
8907 1
8908 1
8909 1
8910 1
8911 1
8912 1
8913 1
8914 1
8915 1
8916 1
8917 1
8918 1
8919 1
8920 1
8921 1
8922 1
8923 1
8924 1
8925 1
8926 1
8927 1
8928 1
8929 1
8930 1
8931 1
8932 1
8933 1
8934 1
8935 1
8936 1
8937 1
8938 1
8939 1
8940 1
8941 1
8942 1
8943 1
8944 1
8945 1
8946 1
8947 1
8948 1
8949 1
8950 1
8951 1
8952 1
8953 1
8954 1
8955 1
8956 1
8957 1
8958 1
8959 1
8960 1
8961 1
8962 1
8963 1
8964 1
8965 1
8966 1
8967 1
8968 1
8969 1
8970 1
8971 1
8972 1
8973 1
8974 1
8975 1
8976 1
8977 1
8978 1
8979 1
8980 1
8981 1
8982 1
8983 1
8984 1
8985 1
8986 1
8987 1
8988 1
8989 1
8990 1
8991 1
8992 1
8993 1
8994 1
8995 1
8996 1
8997 1
8998 1
8999 1
9000 1
9001 1
9002 1
9003 1
9004 1
9005 1
9006 1
9007 1
9008 1
9009 1
9010 1
9011 1
9012 1
9013 1
9014 1
9015 1
9016 1
9017 1
9018 1
9019 1
9020 1
9021 1
9022 1
9023 1
9024 1
9025 1
9026 1
9027 1
9028 1
9029 1
9030 1
9031 1
9032 1
9033 1
9034 1
9035 1
9036 1
9037 1
9038 1
9039 1
9040 1
9041 1
9042 1
9043 1
9044 1
9045 1
9046 1
9047 1
9048 1
9049 1
9050 1
9051 1
9052 1
9053 1
9054 1
9055 1
9056 1
9057 1
9058 1
9059 1
9060 1
9061 1
9062 1
9063 1
9064 1
9065 1
9066 1
9067 1
9068 1
9069 1
9070 1
9071 1
9072 1
9073 1
9074 1
9075 1
9076 1
9077 1
9078 1
9079 1
9080 1
9081 1
9082 1
9083 1
9084 1
9085 1
9086 1
9087 1
9088 1
9089 1
9090 1
9091 1
9092 1
9093 1
9094 1
9095 1
9096 1
9097 1
9098 1
9099 1
9100 1
9101 1
9102 1
9103 1
9104 1
9105 1
9106 1
9107 1
9108 1
9109 1
9110 1
9111 1
9112 1
9113 1
9114 1
9115 1
9116 1
9117 1
9118 1
9119 1
9120 1
9121 1
9122 1
9123 1
9124 1
9125 1
9126 1
9127 1
9128 1
9129 1
9130 1
9131 1
9132 1
9133 1
9134 1
9135 1
9136 1
9137 1
9138 1
9139 1
9140 1
9141 1
9142 1
9143 1
9144 1
9145 1
9146 1
9147 1
9148 1
9149 1
9150 1
9151 1
9152 1
9153 1
9154 1
9155 1
9156 1
9157 1
9158 1
9159 1
9160 1
9161 1
9162 1
9163 1
9164 1
9165 1
9166 1
9167 1
9168 1
9169 1
9170 1
9171 1
9172 1
9173 1
9174 1
9175 1
9176 1
9177 1
9178 1
9179 1
9180 1
9181 1
9182 1
9183 1
9184 1
9185 1
9186 1
9187 1
9188 1
9189 1
9190 1
9191 1
9192 1
9193 1
9194 1
9195 1
9196 1
9197 1
9198 1
9199 1
9200 1
9201 1
9202 1
9203 1
9204 1
9205 1
9206 1
9207 1
9208 1
9209 1
9210 1
9211 1
9212 1
9213 1
9214 1
9215 1
9216 1
9217 1
9218 1
9219 1
9220 1
9221 1
9222 1
9223 1
9224 1
9225 1
9226 1
9227 1
9228 1
9229 1
9230 1
9231 1
9232 1
9233 1
9234 1
9235 1
9236 1
9237 1
9238 1
9239 1
9240 1
9241 1
9242 1
9243 1
9244 1
9245 1
9246 1
9247 1
9248 1
9249 1
9250 1
9251 1
9252 1
9253 1
9254 1
9255 1
9256 1
9257 1
9258 1
9259 1
9260 1
9261 1
9262 1
9263 1
9264 1
9265 1
9266 1
9267 1
9268 1
9269 1
9270 1
9271 1
9272 1
9273 1
9274 1
9275 1
9276 1
9277 1
9278 1
9279 1
9280 1
9281 1
9282 1
9283 1
9284 1
9285 1
9286 1
9287 1
9288 1
9289 1
9290 1
9291 1
9292 1
9293 1
9294 1
9295 1
9296 1
9297 1
9298 1
9299 1
9300 1
9301 1
9302 1
9303 1
9304 1
9305 1
9306 1
9307 1
9308 1
9309 1
9310 1
9311 1
9312 1
9313 1
9314 1
9315 1
9316 1
9317 1
9318 1
9319 1
9320 1
9321 1
9322 1
9323 1
9324 1
9325 1
9326 1
9327 1
9328 1
9329 1
9330 1
9331 1
9332 1
9333 1
9334 1
9335 1
9336 1
9337 1
9338 1
9339 1
9340 1
9341 1
9342 1
9343 1
9344 1
9345 1
9346 1
9347 1
9348 1
9349 1
9350 1
9351 1
9352 1
9353 1
9354 1
9355 1
9356 1
9357 1
9358 1
9359 1
9360 1
9361 1
9362 1
9363 1
9364 1
9365 1
9366 1
9367 1
9368 1
9369 1
9370 1
9371 1
9372 1
9373 1
9374 1
9375 1
9376 1
9377 1
9378 1
9379 1
9380 1
9381 1
9382 1
9383 1
9384 1
9385 1
9386 1
9387 1
9388 1
9389 1
9390 1
9391 1
9392 1
9393 1
9394 1
9395 1
9396 1
9397 1
9398 1
9399 1
9400 1
9401 1
9402 1
9403 1
9404 1
9405 1
9406 1
9407 1
9408 1
9409 1
9410 1
9411 1
9412 1
9413 1
9414 1
9415 1
9416 1
9417 1
9418 1
9419 1
9420 1
9421 1
9422 1
9423 1
9424 1
9425 1
9426 1
9427 1
9428 1
9429 1
9430 1
9431 1
9432 1
9433 1
9434 1
9435 1
9436 1
9437 1
9438 1
9439 1
9440 1
9441 1
9442 1
9443 1
9444 1
9445 1
9446 1
9447 1
9448 1
9449 1
9450 1
9451 1
9452 1
9453 1
9454 1
9455 1
9456 1
9457 1
9458 1
9459 1
9460 1
9461 1
9462 1
9463 1
9464 1
9465 1
9466 1
9467 1
9468 1
9469 1
9470 1
9471 1
9472 1
9473 1
9474 1
9475 1
9476 1
9477 1
9478 1
9479 1
9480 1
9481 1
9482 1
9483 1
9484 1
9485 1
9486 1
9487 1
9488 1
9489 1
9490 1
9491 1
9492 1
9493 1
9494 1
9495 1
9496 1
9497 1
9498 1
9499 1
9500 1
9501 1
9502 1
9503 1
9504 1
9505 1
9506 1
9507 1
9508 1
9509 1
9510 1
9511 1
9512 1
9513 1
9514 1
9515 1
9516 1
9517 1
9518 1
9519 1
9520 1
9521 1
9522 1
9523 1
9524 1
9525 1
9526 1
9527 1
9528 1
9529 1
9530 1
9531 1
9532 1
9533 1
9534 1
9535 1
9536 1
9537 1
9538 1
9539 1
9540 1
9541 1
9542 1
9543 1
9544 1
9545 1
9546 1
9547 1
9548 1
9549 1
9550 1
9551 1
9552 1
9553 1
9554 1
9555 1
9556 1
9557 1
9558 1
9559 1
9560 1
9561 1
9562 1
9563 1
9564 1
9565 1
9566 1
9567 1
9568 1
9569 1
9570 1
9571 1
9572 1
9573 1
9574 1
9575 1
9576 1
9577 1
9578 1
9579 1
9580 1
9581 1
9582 1
9583 1
9584 1
9585 1
9586 1
9587 1
9588 1
9589 1
9590 1
9591 1
9592 1
9593 1
9594 1
9595 1
9596 1
9597 1
9598 1
9599 1
9600 1
9601 1
9602 1
9603 1
9604 1
9605 1
9606 1
9607 1
9608 1
9609 1
9610 1
9611 1
9612 1
9613 1
9614 1
9615 1
9616 1
9617 1
9618 1
9619 1
9620 1
9621 1
9622 1
9623 1
9624 1
9625 1
9626 1
9627 1
9628 1
9629 1
9630 1
9631 1
9632 1
9633 1
9634 1
9635 1
9636 1
9637 1
9638 1
9639 1
9640 1
9641 1
9642 1
9643 1
9644 1
9645 1
9646 1
9647 1
9648 1
9649 1
9650 1
9651 1
9652 1
9653 1
9654 1
9655 1
9656 1
9657 1
9658 1
9659 1
9660 1
9661 1
9662 1
9663 1
9664 1
9665 1
9666 1
9667 1
9668 1
9669 1
9670 1
9671 1
9672 1
9673 1
9674 1
9675 1
9676 1
9677 1
9678 1
9679 1
9680 1
9681 1
9682 1
9683 1
9684 1
9685 1
9686 1
9687 1
9688 1
9689 1
9690 1
9691 1
9692 1
9693 1
9694 1
9695 1
9696 1
9697 1
9698 1
9699 1
9700 1
9701 1
9702 1
9703 1
9704 1
9705 1
9706 1
9707 1
9708 1
9709 1
9710 1
9711 1
9712 1
9713 1
9714 1
9715 1
9716 1
9717 1
9718 1
9719 1
9720 1
9721 1
9722 1
9723 1
9724 1
9725 1
9726 1
9727 1
9728 1
9729 1
9730 1
9731 1
9732 1
9733 1
9734 1
9735 1
9736 1
9737 1
9738 1
9739 1
9740 1
9741 1
9742 1
9743 1
9744 1
9745 1
9746 1
9747 1
9748 1
9749 1
9750 1
9751 1
9752 1
9753 1
9754 1
9755 1
9756 1
9757 1
9758 1
9759 1
9760 1
9761 1
9762 1
9763 1
9764 1
9765 1
9766 1
9767 1
9768 1
9769 1
9770 1
9771 1
9772 1
9773 1
9774 1
9775 1
9776 1
9777 1
9778 1
9779 1
9780 1
9781 1
9782 1
9783 1
9784 1
9785 1
9786 1
9787 1
9788 1
9789 1
9790 1
9791 1
9792 1
9793 1
9794 1
9795 1
9796 1
9797 1
9798 1
9799 1
9800 1
9801 1
9802 1
9803 1
9804 1
9805 1
9806 1
9807 1
9808 1
9809 1
9810 1
9811 1
9812 1
9813 1
9814 1
9815 1
9816 1
9817 1
9818 1
9819 1
9820 1
9821 1
9822 1
9823 1
9824 1
9825 1
9826 1
9827 1
9828 1
9829 1
9830 1
9831 1
9832 1
9833 1
9834 1
9835 1
9836 1
9837 1
9838 1
9839 1
9840 1
9841 1
9842 1
9843 1
9844 1
9845 1
9846 1
9847 1
9848 1
9849 1
9850 1
9851 1
9852 1
9853 1
9854 1
9855 1
9856 1
9857 1
9858 1
9859 1
9860 1
9861 1
9862 1
9863 1
9864 1
9865 1
9866 1
9867 1
9868 1
9869 1
9870 1
9871 1
9872 1
9873 1
9874 1
9875 1
9876 1
9877 1
9878 1
9879 1
9880 1
9881 1
9882 1
9883 1
9884 1
9885 1
9886 1
9887 1
9888 1
9889 1
9890 1
9891 1
9892 1
9893 1
9894 1
9895 1
9896 1
9897 1
9898 1
9899 1
9900 1
9901 1
9902 1
9903 1
9904 1
9905 1
9906 1
9907 1
9908 1
9909 1
9910 1
9911 1
9912 1
9913 1
9914 1
9915 1
9916 1
9917 1
9918 1
9919 1
9920 1
9921 1
9922 1
9923 1
9924 1
9925 1
9926 1
9927 1
9928 1
9929 1
9930 1
9931 1
9932 1
9933 1
9934 1
9935 1
9936 1
9937 1
9938 1
9939 1
9940 1
9941 1
9942 1
9943 1
9944 1
9945 1
9946 1
9947 1
9948 1
9949 1
9950 1
9951 1
9952 1
9953 1
9954 1
9955 1
9956 1
9957 1
9958 1
9959 1
9960 1
9961 1
9962 1
9963 1
9964 1
9965 1
9966 1
9967 1
9968 1
9969 1
9970 1
9971 1
9972 1
9973 1
9974 1
9975 1
9976 1
9977 1
9978 1
9979 1
9980 1
9981 1
9982 1
9983 1
9984 1
9985 1
9986 1
9987 1
9988 1
9989 1
9990 1
9991 1
9992 1
9993 1
9994 1
9995 1
9996 1
9997 1
9998 1
9999 1
