1.000000e-02 5.000000e-01 1.732051e-02 -3.992811e-02 1.730668e+00 -5.003987e-01 
2.000000e-02 4.996007e-01 3.462718e-02 -7.970510e-02 1.727911e+00 -5.007938e-01 
3.000000e-02 4.988037e-01 5.190629e-02 -1.192531e-01 1.723795e+00 -5.011836e-01 
4.000000e-02 4.976111e-01 6.914424e-02 -1.584960e-01 1.718342e+00 -5.015666e-01 
5.000000e-02 4.960262e-01 8.632767e-02 -1.973604e-01 1.711578e+00 -5.019411e-01 
6.000000e-02 4.940526e-01 1.034435e-01 -2.357757e-01 1.703535e+00 -5.023057e-01 
7.000000e-02 4.916948e-01 1.204788e-01 -2.736745e-01 1.694249e+00 -5.026591e-01 
8.000000e-02 4.889581e-01 1.374213e-01 -3.109937e-01 1.683760e+00 -5.030000e-01 
9.000000e-02 4.858481e-01 1.542589e-01 -3.476738e-01 1.672114e+00 -5.033274e-01 
1.000000e-01 4.823714e-01 1.709800e-01 -3.836601e-01 1.659359e+00 -5.036404e-01 
1.100000e-01 4.785348e-01 1.875736e-01 -4.189025e-01 1.645545e+00 -5.039382e-01 
1.200000e-01 4.743458e-01 2.040291e-01 -4.533555e-01 1.630725e+00 -5.042201e-01 
1.300000e-01 4.698122e-01 2.203363e-01 -4.869787e-01 1.614957e+00 -5.044856e-01 
1.400000e-01 4.649424e-01 2.364859e-01 -5.197364e-01 1.598295e+00 -5.047344e-01 
1.500000e-01 4.597451e-01 2.524688e-01 -5.515979e-01 1.580798e+00 -5.049662e-01 
1.600000e-01 4.542291e-01 2.682768e-01 -5.825374e-01 1.562525e+00 -5.051810e-01 
1.700000e-01 4.484037e-01 2.839021e-01 -6.125337e-01 1.543533e+00 -5.053787e-01 
1.800000e-01 4.422784e-01 2.993374e-01 -6.415700e-01 1.523881e+00 -5.055596e-01 
1.900000e-01 4.358627e-01 3.145762e-01 -6.696341e-01 1.503626e+00 -5.057238e-01 
2.000000e-01 4.291663e-01 3.296125e-01 -6.967177e-01 1.482825e+00 -5.058717e-01 
2.100000e-01 4.221992e-01 3.444407e-01 -7.228165e-01 1.461533e+00 -5.060037e-01 
2.200000e-01 4.149710e-01 3.590560e-01 -7.479298e-01 1.439804e+00 -5.061202e-01 
2.300000e-01 4.074917e-01 3.734541e-01 -7.720602e-01 1.417689e+00 -5.062218e-01 
2.400000e-01 3.997711e-01 3.876310e-01 -7.952134e-01 1.395239e+00 -5.063091e-01 
2.500000e-01 3.918190e-01 4.015834e-01 -8.173980e-01 1.372501e+00 -5.063827e-01 
2.600000e-01 3.836450e-01 4.153084e-01 -8.386250e-01 1.349522e+00 -5.064433e-01 
2.700000e-01 3.752587e-01 4.288036e-01 -8.589076e-01 1.326346e+00 -5.064914e-01 
2.800000e-01 3.666696e-01 4.420670e-01 -8.782612e-01 1.303012e+00 -5.065279e-01 
2.900000e-01 3.578870e-01 4.550972e-01 -8.967027e-01 1.279562e+00 -5.065533e-01 
3.000000e-01 3.489200e-01 4.678928e-01 -9.142507e-01 1.256030e+00 -5.065683e-01 
3.100000e-01 3.397775e-01 4.804531e-01 -9.309249e-01 1.232453e+00 -5.065737e-01 
3.200000e-01 3.304683e-01 4.927776e-01 -9.467463e-01 1.208861e+00 -5.065700e-01 
3.300000e-01 3.210008e-01 5.048662e-01 -9.617364e-01 1.185284e+00 -5.065580e-01 
3.400000e-01 3.113834e-01 5.167191e-01 -9.759178e-01 1.161751e+00 -5.065383e-01 
3.500000e-01 3.016242e-01 5.283366e-01 -9.893133e-01 1.138287e+00 -5.065114e-01 
3.600000e-01 2.917311e-01 5.397194e-01 -1.001946e+00 1.114916e+00 -5.064780e-01 
3.700000e-01 2.817117e-01 5.508686e-01 -1.013840e+00 1.091658e+00 -5.064386e-01 
3.800000e-01 2.715733e-01 5.617852e-01 -1.025018e+00 1.068535e+00 -5.063938e-01 
3.900000e-01 2.613231e-01 5.724705e-01 -1.035504e+00 1.045563e+00 -5.063440e-01 
4.000000e-01 2.509680e-01 5.829262e-01 -1.045322e+00 1.022760e+00 -5.062898e-01 
4.100000e-01 2.405148e-01 5.931538e-01 -1.054494e+00 1.000139e+00 -5.062316e-01 
4.200000e-01 2.299699e-01 6.031552e-01 -1.063044e+00 9.777151e-01 -5.061698e-01 
4.300000e-01 2.193394e-01 6.129323e-01 -1.070994e+00 9.554985e-01 -5.061049e-01 
4.400000e-01 2.086295e-01 6.224873e-01 -1.078367e+00 9.335002e-01 -5.060371e-01 
4.500000e-01 1.978458e-01 6.318223e-01 -1.085184e+00 9.117293e-01 -5.059669e-01 
4.600000e-01 1.869940e-01 6.409396e-01 -1.091467e+00 8.901941e-01 -5.058947e-01 
4.700000e-01 1.760793e-01 6.498415e-01 -1.097237e+00 8.689013e-01 -5.058206e-01 
4.800000e-01 1.651070e-01 6.585305e-01 -1.102513e+00 8.478571e-01 -5.057450e-01 
4.900000e-01 1.540818e-01 6.670091e-01 -1.107315e+00 8.270663e-01 -5.056681e-01 
5.000000e-01 1.430087e-01 6.752798e-01 -1.111664e+00 8.065334e-01 -5.055901e-01 
5.100000e-01 1.318920e-01 6.833451e-01 -1.115577e+00 7.862615e-01 -5.055114e-01 
5.200000e-01 1.207363e-01 6.912077e-01 -1.119071e+00 7.662535e-01 -5.054321e-01 
5.300000e-01 1.095456e-01 6.988703e-01 -1.122166e+00 7.465114e-01 -5.053523e-01 
5.400000e-01 9.832389e-02 7.063354e-01 -1.124877e+00 7.270364e-01 -5.052723e-01 
5.500000e-01 8.707513e-02 7.136057e-01 -1.127221e+00 7.078296e-01 -5.051922e-01 
5.600000e-01 7.580292e-02 7.206840e-01 -1.129213e+00 6.888913e-01 -5.051122e-01 
5.700000e-01 6.451080e-02 7.275730e-01 -1.130868e+00 6.702212e-01 -5.050323e-01 
5.800000e-01 5.320212e-02 7.342752e-01 -1.132201e+00 6.518189e-01 -5.049527e-01 
5.900000e-01 4.188010e-02 7.407934e-01 -1.133227e+00 6.336835e-01 -5.048735e-01 
6.000000e-01 3.054784e-02 7.471302e-01 -1.133957e+00 6.158138e-01 -5.047947e-01 
6.100000e-01 1.920827e-02 7.532883e-01 -1.134406e+00 5.982080e-01 -5.047166e-01 
6.200000e-01 7.864206e-03 7.592704e-01 -1.134586e+00 5.808645e-01 -5.046390e-01 
6.300000e-01 -3.481651e-03 7.650790e-01 -1.134508e+00 5.637811e-01 -5.045622e-01 
6.400000e-01 -1.482673e-02 7.707169e-01 -1.134184e+00 5.469556e-01 -5.044861e-01 
6.500000e-01 -2.616857e-02 7.761864e-01 -1.133626e+00 5.303854e-01 -5.044108e-01 
6.600000e-01 -3.750483e-02 7.814903e-01 -1.132843e+00 5.140678e-01 -5.043364e-01 
6.700000e-01 -4.883326e-02 7.866309e-01 -1.131845e+00 4.980002e-01 -5.042629e-01 
6.800000e-01 -6.015171e-02 7.916110e-01 -1.130643e+00 4.821795e-01 -5.041903e-01 
6.900000e-01 -7.145814e-02 7.964327e-01 -1.129245e+00 4.666027e-01 -5.041187e-01 
7.000000e-01 -8.275059e-02 8.010988e-01 -1.127661e+00 4.512666e-01 -5.040480e-01 
7.100000e-01 -9.402720e-02 8.056114e-01 -1.125899e+00 4.361681e-01 -5.039783e-01 
7.200000e-01 -1.052862e-01 8.099731e-01 -1.123967e+00 4.213038e-01 -5.039097e-01 
7.300000e-01 -1.165259e-01 8.141862e-01 -1.121872e+00 4.066705e-01 -5.038421e-01 
7.400000e-01 -1.277446e-01 8.182529e-01 -1.119623e+00 3.922647e-01 -5.037755e-01 
7.500000e-01 -1.389408e-01 8.221755e-01 -1.117227e+00 3.780830e-01 -5.037099e-01 
7.600000e-01 -1.501131e-01 8.259563e-01 -1.114690e+00 3.641220e-01 -5.036454e-01 
7.700000e-01 -1.612600e-01 8.295976e-01 -1.112018e+00 3.503783e-01 -5.035819e-01 
7.800000e-01 -1.723802e-01 8.331013e-01 -1.109218e+00 3.368484e-01 -5.035195e-01 
7.900000e-01 -1.834723e-01 8.364698e-01 -1.106297e+00 3.235289e-01 -5.034581e-01 
8.000000e-01 -1.945353e-01 8.397051e-01 -1.103259e+00 3.104163e-01 -5.033977e-01 
8.100000e-01 -2.055679e-01 8.428093e-01 -1.100111e+00 2.975072e-01 -5.033384e-01 
8.200000e-01 -2.165690e-01 8.457844e-01 -1.096856e+00 2.847982e-01 -5.032801e-01 
8.300000e-01 -2.275376e-01 8.486323e-01 -1.093501e+00 2.722860e-01 -5.032228e-01 
8.400000e-01 -2.384726e-01 8.513552e-01 -1.090051e+00 2.599671e-01 -5.031665e-01 
8.500000e-01 -2.493731e-01 8.539549e-01 -1.086509e+00 2.478382e-01 -5.031112e-01 
8.600000e-01 -2.602382e-01 8.564332e-01 -1.082880e+00 2.358961e-01 -5.030569e-01 
8.700000e-01 -2.710670e-01 8.587922e-01 -1.079169e+00 2.241375e-01 -5.030036e-01 
8.800000e-01 -2.818587e-01 8.610336e-01 -1.075379e+00 2.125592e-01 -5.029512e-01 
8.900000e-01 -2.926125e-01 8.631592e-01 -1.071514e+00 2.011580e-01 -5.028997e-01 
9.000000e-01 -3.033276e-01 8.651708e-01 -1.067577e+00 1.899307e-01 -5.028492e-01 
9.100000e-01 -3.140034e-01 8.670701e-01 -1.063573e+00 1.788744e-01 -5.027996e-01 
9.200000e-01 -3.246391e-01 8.688588e-01 -1.059505e+00 1.679858e-01 -5.027509e-01 
9.300000e-01 -3.352342e-01 8.705387e-01 -1.055375e+00 1.572621e-01 -5.027031e-01 
9.400000e-01 -3.457879e-01 8.721113e-01 -1.051188e+00 1.467003e-01 -5.026561e-01 
9.500000e-01 -3.562998e-01 8.735783e-01 -1.046945e+00 1.362975e-01 -5.026100e-01 
9.600000e-01 -3.667692e-01 8.749413e-01 -1.042649e+00 1.260507e-01 -5.025648e-01 
9.700000e-01 -3.771957e-01 8.762018e-01 -1.038304e+00 1.159573e-01 -5.025204e-01 
9.800000e-01 -3.875788e-01 8.773613e-01 -1.033912e+00 1.060145e-01 -5.024768e-01 
9.900000e-01 -3.979179e-01 8.784215e-01 -1.029475e+00 9.621948e-02 -5.024340e-01 
1.000000e+00 -4.082126e-01 8.793837e-01 -1.024995e+00 8.656966e-02 -5.023920e-01 
1.010000e+00 -4.184626e-01 8.802494e-01 -1.020476e+00 7.706242e-02 -5.023507e-01 
1.020000e+00 -4.286673e-01 8.810200e-01 -1.015918e+00 6.769518e-02 -5.023102e-01 
1.030000e+00 -4.388265e-01 8.816970e-01 -1.011324e+00 5.846544e-02 -5.022705e-01 
1.040000e+00 -4.489398e-01 8.822816e-01 -1.006697e+00 4.937071e-02 -5.022314e-01 
1.050000e+00 -4.590067e-01 8.827753e-01 -1.002037e+00 4.040859e-02 -5.021931e-01 
1.060000e+00 -4.690271e-01 8.831794e-01 -9.973463e-01 3.157669e-02 -5.021555e-01 
1.070000e+00 -4.790006e-01 8.834952e-01 -9.926273e-01 2.287269e-02 -5.021185e-01 
1.080000e+00 -4.889268e-01 8.837239e-01 -9.878813e-01 1.429432e-02 -5.020823e-01 
1.090000e+00 -4.988056e-01 8.838668e-01 -9.831097e-01 5.839317e-03 -5.020466e-01 
1.100000e+00 -5.086367e-01 8.839252e-01 -9.783142e-01 -2.494491e-03 -5.020116e-01 
1.110000e+00 -5.184199e-01 8.839003e-01 -9.734961e-01 -1.070926e-02 -5.019773e-01 
1.120000e+00 -5.281548e-01 8.837932e-01 -9.686569e-01 -1.880708e-02 -5.019436e-01 
1.130000e+00 -5.378414e-01 8.836051e-01 -9.637977e-01 -2.679004e-02 -5.019104e-01 
1.140000e+00 -5.474794e-01 8.833372e-01 -9.589200e-01 -3.466013e-02 -5.018779e-01 
1.150000e+00 -5.570686e-01 8.829906e-01 -9.540248e-01 -4.241934e-02 -5.018459e-01 
1.160000e+00 -5.666088e-01 8.825664e-01 -9.491133e-01 -5.006961e-02 -5.018145e-01 
1.170000e+00 -5.761000e-01 8.820657e-01 -9.441866e-01 -5.761283e-02 -5.017836e-01 
1.180000e+00 -5.855418e-01 8.814896e-01 -9.392458e-01 -6.505086e-02 -5.017533e-01 
1.190000e+00 -5.949343e-01 8.808391e-01 -9.342918e-01 -7.238553e-02 -5.017236e-01 
1.200000e+00 -6.042772e-01 8.801152e-01 -9.293257e-01 -7.961860e-02 -5.016943e-01 
1.210000e+00 -6.135705e-01 8.793191e-01 -9.243483e-01 -8.675183e-02 -5.016655e-01 
1.220000e+00 -6.228140e-01 8.784515e-01 -9.193604e-01 -9.378693e-02 -5.016373e-01 
1.230000e+00 -6.320076e-01 8.775137e-01 -9.143631e-01 -1.007256e-01 -5.016095e-01 
1.240000e+00 -6.411512e-01 8.765064e-01 -9.093569e-01 -1.075694e-01 -5.015822e-01 
1.250000e+00 -6.502448e-01 8.754307e-01 -9.043428e-01 -1.143199e-01 -5.015554e-01 
1.260000e+00 -6.592882e-01 8.742875e-01 -8.993214e-01 -1.209789e-01 -5.015290e-01 
1.270000e+00 -6.682814e-01 8.730777e-01 -8.942934e-01 -1.275477e-01 -5.015031e-01 
1.280000e+00 -6.772243e-01 8.718023e-01 -8.892595e-01 -1.340279e-01 -5.014776e-01 
1.290000e+00 -6.861169e-01 8.704620e-01 -8.842204e-01 -1.404209e-01 -5.014526e-01 
1.300000e+00 -6.949591e-01 8.690578e-01 -8.791766e-01 -1.467283e-01 -5.014279e-01 
1.310000e+00 -7.037509e-01 8.675905e-01 -8.741287e-01 -1.529513e-01 -5.014037e-01 
1.320000e+00 -7.124922e-01 8.660610e-01 -8.690774e-01 -1.590915e-01 -5.013799e-01 
1.330000e+00 -7.211830e-01 8.644701e-01 -8.640230e-01 -1.651501e-01 -5.013564e-01 
1.340000e+00 -7.298232e-01 8.628186e-01 -8.589661e-01 -1.711285e-01 -5.013334e-01 
1.350000e+00 -7.384129e-01 8.611073e-01 -8.539072e-01 -1.770279e-01 -5.013107e-01 
1.360000e+00 -7.469519e-01 8.593370e-01 -8.488468e-01 -1.828497e-01 -5.012884e-01 
1.370000e+00 -7.554404e-01 8.575085e-01 -8.437853e-01 -1.885951e-01 -5.012664e-01 
1.380000e+00 -7.638782e-01 8.556225e-01 -8.387231e-01 -1.942652e-01 -5.012449e-01 
1.390000e+00 -7.722655e-01 8.536799e-01 -8.336607e-01 -1.998614e-01 -5.012236e-01 
1.400000e+00 -7.806021e-01 8.516813e-01 -8.285983e-01 -2.053847e-01 -5.012027e-01 
1.410000e+00 -7.888881e-01 8.496274e-01 -8.235364e-01 -2.108364e-01 -5.011821e-01 
1.420000e+00 -7.971234e-01 8.475191e-01 -8.184753e-01 -2.162174e-01 -5.011619e-01 
1.430000e+00 -8.053082e-01 8.453569e-01 -8.134153e-01 -2.215290e-01 -5.011419e-01 
1.440000e+00 -8.134423e-01 8.431416e-01 -8.083568e-01 -2.267722e-01 -5.011223e-01 
1.450000e+00 -8.215259e-01 8.408739e-01 -8.033001e-01 -2.319481e-01 -5.011030e-01 
1.460000e+00 -8.295589e-01 8.385544e-01 -7.982454e-01 -2.370576e-01 -5.010840e-01 
1.470000e+00 -8.375414e-01 8.361838e-01 -7.931930e-01 -2.421018e-01 -5.010652e-01 
1.480000e+00 -8.454733e-01 8.337628e-01 -7.881431e-01 -2.470817e-01 -5.010468e-01 
1.490000e+00 -8.533547e-01 8.312920e-01 -7.830961e-01 -2.519983e-01 -5.010286e-01 
1.500000e+00 -8.611857e-01 8.287720e-01 -7.780521e-01 -2.568524e-01 -5.010107e-01 
1.510000e+00 -8.689662e-01 8.262035e-01 -7.730113e-01 -2.616451e-01 -5.009931e-01 
1.520000e+00 -8.766963e-01 8.235870e-01 -7.679741e-01 -2.663772e-01 -5.009757e-01 
1.530000e+00 -8.843761e-01 8.209233e-01 -7.629405e-01 -2.710497e-01 -5.009586e-01 
1.540000e+00 -8.920055e-01 8.182128e-01 -7.579107e-01 -2.756633e-01 -5.009418e-01 
1.550000e+00 -8.995846e-01 8.154561e-01 -7.528850e-01 -2.802190e-01 -5.009252e-01 
1.560000e+00 -9.071134e-01 8.126539e-01 -7.478635e-01 -2.847176e-01 -5.009088e-01 
1.570000e+00 -9.145921e-01 8.098068e-01 -7.428463e-01 -2.891600e-01 -5.008927e-01 
1.580000e+00 -9.220205e-01 8.069152e-01 -7.378337e-01 -2.935469e-01 -5.008768e-01 
1.590000e+00 -9.293989e-01 8.039797e-01 -7.328257e-01 -2.978791e-01 -5.008612e-01 
1.600000e+00 -9.367271e-01 8.010009e-01 -7.278224e-01 -3.021574e-01 -5.008457e-01 
1.610000e+00 -9.440053e-01 7.979793e-01 -7.228241e-01 -3.063825e-01 -5.008305e-01 
1.620000e+00 -9.512336e-01 7.949155e-01 -7.178308e-01 -3.105553e-01 -5.008155e-01 
1.630000e+00 -9.584119e-01 7.918100e-01 -7.128426e-01 -3.146763e-01 -5.008007e-01 
1.640000e+00 -9.655403e-01 7.886632e-01 -7.078597e-01 -3.187464e-01 -5.007861e-01 
1.650000e+00 -9.726189e-01 7.854757e-01 -7.028821e-01 -3.227663e-01 -5.007717e-01 
1.660000e+00 -9.796477e-01 7.822481e-01 -6.979099e-01 -3.267366e-01 -5.007575e-01 
1.670000e+00 -9.866268e-01 7.789807e-01 -6.929432e-01 -3.306580e-01 -5.007435e-01 
1.680000e+00 -9.935563e-01 7.756741e-01 -6.879821e-01 -3.345312e-01 -5.007297e-01 
1.690000e+00 -1.000436e+00 7.723288e-01 -6.830266e-01 -3.383567e-01 -5.007161e-01 
1.700000e+00 -1.007266e+00 7.689452e-01 -6.780769e-01 -3.421353e-01 -5.007027e-01 
1.710000e+00 -1.014047e+00 7.655239e-01 -6.731329e-01 -3.458676e-01 -5.006894e-01 
1.720000e+00 -1.020778e+00 7.620652e-01 -6.681948e-01 -3.495542e-01 -5.006763e-01 
1.730000e+00 -1.027460e+00 7.585697e-01 -6.632626e-01 -3.531956e-01 -5.006634e-01 
1.740000e+00 -1.034093e+00 7.550377e-01 -6.583363e-01 -3.567925e-01 -5.006507e-01 
1.750000e+00 -1.040676e+00 7.514698e-01 -6.534160e-01 -3.603455e-01 -5.006381e-01 
1.760000e+00 -1.047211e+00 7.478663e-01 -6.485017e-01 -3.638550e-01 -5.006257e-01 
1.770000e+00 -1.053696e+00 7.442278e-01 -6.435934e-01 -3.673218e-01 -5.006134e-01 
1.780000e+00 -1.060131e+00 7.405546e-01 -6.386913e-01 -3.707462e-01 -5.006013e-01 
1.790000e+00 -1.066518e+00 7.368471e-01 -6.337952e-01 -3.741288e-01 -5.005894e-01 
1.800000e+00 -1.072856e+00 7.331058e-01 -6.289052e-01 -3.774702e-01 -5.005776e-01 
1.810000e+00 -1.079145e+00 7.293311e-01 -6.240215e-01 -3.807709e-01 -5.005659e-01 
1.820000e+00 -1.085386e+00 7.255234e-01 -6.191438e-01 -3.840313e-01 -5.005544e-01 
1.830000e+00 -1.091577e+00 7.216831e-01 -6.142724e-01 -3.872520e-01 -5.005431e-01 
1.840000e+00 -1.097720e+00 7.178106e-01 -6.094071e-01 -3.904335e-01 -5.005318e-01 
1.850000e+00 -1.103814e+00 7.139062e-01 -6.045480e-01 -3.935762e-01 -5.005208e-01 
1.860000e+00 -1.109859e+00 7.099705e-01 -5.996951e-01 -3.966805e-01 -5.005098e-01 
1.870000e+00 -1.115856e+00 7.060037e-01 -5.948484e-01 -3.997471e-01 -5.004990e-01 
1.880000e+00 -1.121805e+00 7.020062e-01 -5.900079e-01 -4.027762e-01 -5.004883e-01 
1.890000e+00 -1.127705e+00 6.979784e-01 -5.851735e-01 -4.057683e-01 -5.004777e-01 
1.900000e+00 -1.133557e+00 6.939207e-01 -5.803454e-01 -4.087239e-01 -5.004673e-01 
1.910000e+00 -1.139360e+00 6.898335e-01 -5.755234e-01 -4.116434e-01 -5.004570e-01 
1.920000e+00 -1.145115e+00 6.857171e-01 -5.707076e-01 -4.145273e-01 -5.004467e-01 
1.930000e+00 -1.150822e+00 6.815718e-01 -5.658979e-01 -4.173758e-01 -5.004367e-01 
1.940000e+00 -1.156481e+00 6.773980e-01 -5.610943e-01 -4.201894e-01 -5.004267e-01 
1.950000e+00 -1.162092e+00 6.731961e-01 -5.562968e-01 -4.229686e-01 -5.004168e-01 
1.960000e+00 -1.167655e+00 6.689665e-01 -5.515054e-01 -4.257136e-01 -5.004071e-01 
1.970000e+00 -1.173170e+00 6.647093e-01 -5.467201e-01 -4.284250e-01 -5.003974e-01 
1.980000e+00 -1.178637e+00 6.604251e-01 -5.419409e-01 -4.311029e-01 -5.003879e-01 
1.990000e+00 -1.184057e+00 6.561140e-01 -5.371676e-01 -4.337479e-01 -5.003785e-01 
2.000000e+00 -1.189429e+00 6.517766e-01 -5.324003e-01 -4.363602e-01 -5.003691e-01 
2.010000e+00 -1.194753e+00 6.474130e-01 -5.276390e-01 -4.389403e-01 -5.003599e-01 
2.020000e+00 -1.200029e+00 6.430236e-01 -5.228836e-01 -4.414884e-01 -5.003508e-01 
2.030000e+00 -1.205258e+00 6.386087e-01 -5.181341e-01 -4.440050e-01 -5.003418e-01 
2.040000e+00 -1.210439e+00 6.341686e-01 -5.133905e-01 -4.464902e-01 -5.003328e-01 
2.050000e+00 -1.215573e+00 6.297037e-01 -5.086527e-01 -4.489445e-01 -5.003240e-01 
2.060000e+00 -1.220660e+00 6.252143e-01 -5.039207e-01 -4.513682e-01 -5.003152e-01 
2.070000e+00 -1.225699e+00 6.207006e-01 -4.991945e-01 -4.537616e-01 -5.003066e-01 
2.080000e+00 -1.230691e+00 6.161630e-01 -4.944739e-01 -4.561250e-01 -5.002980e-01 
2.090000e+00 -1.235635e+00 6.116017e-01 -4.897591e-01 -4.584588e-01 -5.002895e-01 
2.100000e+00 -1.240533e+00 6.070171e-01 -4.850499e-01 -4.607631e-01 -5.002811e-01 
2.110000e+00 -1.245384e+00 6.024095e-01 -4.803463e-01 -4.630383e-01 -5.002728e-01 
2.120000e+00 -1.250187e+00 5.977791e-01 -4.756482e-01 -4.652847e-01 -5.002645e-01 
2.130000e+00 -1.254944e+00 5.931263e-01 -4.709556e-01 -4.675025e-01 -5.002564e-01 
2.140000e+00 -1.259653e+00 5.884513e-01 -4.662686e-01 -4.696921e-01 -5.002483e-01 
2.150000e+00 -1.264316e+00 5.837543e-01 -4.615869e-01 -4.718537e-01 -5.002403e-01 
2.160000e+00 -1.268932e+00 5.790358e-01 -4.569106e-01 -4.739876e-01 -5.002324e-01 
2.170000e+00 -1.273501e+00 5.742959e-01 -4.522396e-01 -4.760940e-01 -5.002245e-01 
2.180000e+00 -1.278023e+00 5.695350e-01 -4.475740e-01 -4.781732e-01 -5.002168e-01 
2.190000e+00 -1.282499e+00 5.647533e-01 -4.429135e-01 -4.802254e-01 -5.002090e-01 
2.200000e+00 -1.286928e+00 5.599510e-01 -4.382582e-01 -4.822510e-01 -5.002014e-01 
2.210000e+00 -1.291311e+00 5.551285e-01 -4.336081e-01 -4.842500e-01 -5.001938e-01 
2.220000e+00 -1.295647e+00 5.502860e-01 -4.289631e-01 -4.862229e-01 -5.001863e-01 
2.230000e+00 -1.299936e+00 5.454238e-01 -4.243230e-01 -4.881697e-01 -5.001789e-01 
2.240000e+00 -1.304180e+00 5.405421e-01 -4.196880e-01 -4.900908e-01 -5.001715e-01 
2.250000e+00 -1.308376e+00 5.356412e-01 -4.150579e-01 -4.919863e-01 -5.001642e-01 
2.260000e+00 -1.312527e+00 5.307213e-01 -4.104326e-01 -4.938566e-01 -5.001570e-01 
2.270000e+00 -1.316631e+00 5.257827e-01 -4.058122e-01 -4.957017e-01 -5.001498e-01 
2.280000e+00 -1.320689e+00 5.208257e-01 -4.011966e-01 -4.975219e-01 -5.001427e-01 
2.290000e+00 -1.324701e+00 5.158505e-01 -3.965856e-01 -4.993174e-01 -5.001356e-01 
2.300000e+00 -1.328667e+00 5.108573e-01 -3.919794e-01 -5.010885e-01 -5.001286e-01 
2.310000e+00 -1.332587e+00 5.058464e-01 -3.873777e-01 -5.028353e-01 -5.001217e-01 
2.320000e+00 -1.336461e+00 5.008181e-01 -3.827805e-01 -5.045580e-01 -5.001148e-01 
2.330000e+00 -1.340289e+00 4.957725e-01 -3.781879e-01 -5.062568e-01 -5.001080e-01 
2.340000e+00 -1.344071e+00 4.907099e-01 -3.735997e-01 -5.079319e-01 -5.001012e-01 
2.350000e+00 -1.347807e+00 4.856306e-01 -3.690159e-01 -5.095835e-01 -5.000945e-01 
2.360000e+00 -1.351497e+00 4.805348e-01 -3.644364e-01 -5.112118e-01 -5.000878e-01 
2.370000e+00 -1.355141e+00 4.754227e-01 -3.598611e-01 -5.128169e-01 -5.000812e-01 
2.380000e+00 -1.358740e+00 4.702945e-01 -3.552901e-01 -5.143991e-01 -5.000746e-01 
2.390000e+00 -1.362293e+00 4.651505e-01 -3.507232e-01 -5.159584e-01 -5.000681e-01 
2.400000e+00 -1.365800e+00 4.599909e-01 -3.461604e-01 -5.174952e-01 -5.000616e-01 
2.410000e+00 -1.369261e+00 4.548160e-01 -3.416016e-01 -5.190094e-01 -5.000552e-01 
2.420000e+00 -1.372677e+00 4.496259e-01 -3.370468e-01 -5.205014e-01 -5.000488e-01 
2.430000e+00 -1.376048e+00 4.444209e-01 -3.324959e-01 -5.219712e-01 -5.000424e-01 
2.440000e+00 -1.379373e+00 4.392011e-01 -3.279488e-01 -5.234190e-01 -5.000361e-01 
2.450000e+00 -1.382652e+00 4.339670e-01 -3.234056e-01 -5.248449e-01 -5.000299e-01 
2.460000e+00 -1.385886e+00 4.287185e-01 -3.188661e-01 -5.262492e-01 -5.000237e-01 
2.470000e+00 -1.389075e+00 4.234560e-01 -3.143302e-01 -5.276320e-01 -5.000175e-01 
2.480000e+00 -1.392218e+00 4.181797e-01 -3.097980e-01 -5.289933e-01 -5.000114e-01 
2.490000e+00 -1.395316e+00 4.128898e-01 -3.052693e-01 -5.303334e-01 -5.000053e-01 
2.500000e+00 -1.398369e+00 4.075864e-01 -3.007441e-01 -5.316524e-01 -4.999992e-01 
2.510000e+00 -1.401376e+00 4.022699e-01 -2.962223e-01 -5.329504e-01 -4.999932e-01 
2.520000e+00 -1.404339e+00 3.969404e-01 -2.917039e-01 -5.342275e-01 -4.999872e-01 
2.530000e+00 -1.407256e+00 3.915981e-01 -2.871888e-01 -5.354839e-01 -4.999813e-01 
2.540000e+00 -1.410128e+00 3.862433e-01 -2.826769e-01 -5.367198e-01 -4.999754e-01 
2.550000e+00 -1.412954e+00 3.808761e-01 -2.781683e-01 -5.379351e-01 -4.999695e-01 
2.560000e+00 -1.415736e+00 3.754967e-01 -2.736627e-01 -5.391301e-01 -4.999637e-01 
2.570000e+00 -1.418473e+00 3.701054e-01 -2.691602e-01 -5.403049e-01 -4.999579e-01 
2.580000e+00 -1.421164e+00 3.647024e-01 -2.646607e-01 -5.414596e-01 -4.999521e-01 
2.590000e+00 -1.423811e+00 3.592878e-01 -2.601641e-01 -5.425943e-01 -4.999464e-01 
2.600000e+00 -1.426413e+00 3.538618e-01 -2.556705e-01 -5.437090e-01 -4.999407e-01 
2.610000e+00 -1.428969e+00 3.484248e-01 -2.511796e-01 -5.448041e-01 -4.999350e-01 
2.620000e+00 -1.431481e+00 3.429767e-01 -2.466914e-01 -5.458794e-01 -4.999294e-01 
2.630000e+00 -1.433948e+00 3.375179e-01 -2.422060e-01 -5.469352e-01 -4.999238e-01 
2.640000e+00 -1.436370e+00 3.320486e-01 -2.377231e-01 -5.479715e-01 -4.999182e-01 
2.650000e+00 -1.438747e+00 3.265689e-01 -2.332429e-01 -5.489884e-01 -4.999126e-01 
2.660000e+00 -1.441080e+00 3.210790e-01 -2.287651e-01 -5.499861e-01 -4.999071e-01 
2.670000e+00 -1.443367e+00 3.155791e-01 -2.242898e-01 -5.509646e-01 -4.999016e-01 
2.680000e+00 -1.445610e+00 3.100695e-01 -2.198168e-01 -5.519240e-01 -4.998961e-01 
2.690000e+00 -1.447808e+00 3.045502e-01 -2.153461e-01 -5.528644e-01 -4.998907e-01 
2.700000e+00 -1.449962e+00 2.990216e-01 -2.108777e-01 -5.537859e-01 -4.998852e-01 
2.710000e+00 -1.452071e+00 2.934837e-01 -2.064115e-01 -5.546886e-01 -4.998798e-01 
2.720000e+00 -1.454135e+00 2.879368e-01 -2.019473e-01 -5.555725e-01 -4.998745e-01 
2.730000e+00 -1.456154e+00 2.823811e-01 -1.974853e-01 -5.564378e-01 -4.998691e-01 
2.740000e+00 -1.458129e+00 2.768167e-01 -1.930252e-01 -5.572846e-01 -4.998638e-01 
2.750000e+00 -1.460059e+00 2.712439e-01 -1.885670e-01 -5.581128e-01 -4.998584e-01 
2.760000e+00 -1.461945e+00 2.656628e-01 -1.841107e-01 -5.589226e-01 -4.998531e-01 
2.770000e+00 -1.463786e+00 2.600735e-01 -1.796562e-01 -5.597140e-01 -4.998479e-01 
2.780000e+00 -1.465583e+00 2.544764e-01 -1.752035e-01 -5.604872e-01 -4.998426e-01 
2.790000e+00 -1.467335e+00 2.488715e-01 -1.707524e-01 -5.612421e-01 -4.998374e-01 
2.800000e+00 -1.469042e+00 2.432591e-01 -1.663029e-01 -5.619789e-01 -4.998322e-01 
2.810000e+00 -1.470705e+00 2.376393e-01 -1.618550e-01 -5.626976e-01 -4.998270e-01 
2.820000e+00 -1.472324e+00 2.320123e-01 -1.574085e-01 -5.633983e-01 -4.998218e-01 
2.830000e+00 -1.473898e+00 2.263784e-01 -1.529635e-01 -5.640810e-01 -4.998166e-01 
2.840000e+00 -1.475427e+00 2.207375e-01 -1.485198e-01 -5.647458e-01 -4.998115e-01 
2.850000e+00 -1.476913e+00 2.150901e-01 -1.440774e-01 -5.653928e-01 -4.998063e-01 
2.860000e+00 -1.478353e+00 2.094362e-01 -1.396362e-01 -5.660220e-01 -4.998012e-01 
2.870000e+00 -1.479750e+00 2.037759e-01 -1.351962e-01 -5.666334e-01 -4.997961e-01 
2.880000e+00 -1.481102e+00 1.981096e-01 -1.307572e-01 -5.672271e-01 -4.997910e-01 
2.890000e+00 -1.482409e+00 1.924373e-01 -1.263193e-01 -5.678032e-01 -4.997859e-01 
2.900000e+00 -1.483673e+00 1.867593e-01 -1.218824e-01 -5.683618e-01 -4.997809e-01 
2.910000e+00 -1.484891e+00 1.810757e-01 -1.174464e-01 -5.689027e-01 -4.997758e-01 
2.920000e+00 -1.486066e+00 1.753867e-01 -1.130112e-01 -5.694262e-01 -4.997708e-01 
2.930000e+00 -1.487196e+00 1.696924e-01 -1.085768e-01 -5.699321e-01 -4.997657e-01 
2.940000e+00 -1.488282e+00 1.639931e-01 -1.041430e-01 -5.704207e-01 -4.997607e-01 
2.950000e+00 -1.489323e+00 1.582889e-01 -9.970997e-02 -5.708918e-01 -4.997557e-01 
2.960000e+00 -1.490320e+00 1.525799e-01 -9.527748e-02 -5.713456e-01 -4.997507e-01 
2.970000e+00 -1.491273e+00 1.468665e-01 -9.084550e-02 -5.717821e-01 -4.997457e-01 
2.980000e+00 -1.492181e+00 1.411487e-01 -8.641397e-02 -5.722013e-01 -4.997407e-01 
2.990000e+00 -1.493046e+00 1.354267e-01 -8.198282e-02 -5.726032e-01 -4.997357e-01 
3.000000e+00 -1.493865e+00 1.297006e-01 -7.755200e-02 -5.729879e-01 -4.997308e-01 
3.010000e+00 -1.494641e+00 1.239707e-01 -7.312142e-02 -5.733554e-01 -4.997258e-01 
3.020000e+00 -1.495372e+00 1.182372e-01 -6.869104e-02 -5.737057e-01 -4.997208e-01 
3.030000e+00 -1.496059e+00 1.125001e-01 -6.426078e-02 -5.740389e-01 -4.997159e-01 
3.040000e+00 -1.496702e+00 1.067597e-01 -5.983058e-02 -5.743549e-01 -4.997109e-01 
3.050000e+00 -1.497300e+00 1.010162e-01 -5.540037e-02 -5.746538e-01 -4.997060e-01 
3.060000e+00 -1.497854e+00 9.526966e-02 -5.097009e-02 -5.749355e-01 -4.997011e-01 
3.070000e+00 -1.498364e+00 8.952030e-02 -4.653968e-02 -5.752002e-01 -4.996961e-01 
3.080000e+00 -1.498829e+00 8.376830e-02 -4.210906e-02 -5.754479e-01 -4.996912e-01 
3.090000e+00 -1.499250e+00 7.801382e-02 -3.767818e-02 -5.756784e-01 -4.996863e-01 
3.100000e+00 -1.499627e+00 7.225704e-02 -3.324697e-02 -5.758919e-01 -4.996813e-01 
3.110000e+00 -1.499959e+00 6.649812e-02 -2.881535e-02 -5.760884e-01 -4.996764e-01 
3.120000e+00 -1.500248e+00 6.073723e-02 -2.438328e-02 -5.762678e-01 -4.996715e-01 
3.130000e+00 -1.500491e+00 5.497455e-02 -1.995067e-02 -5.764302e-01 -4.996666e-01 
3.140000e+00 -1.500691e+00 4.921025e-02 -1.551747e-02 -5.765756e-01 -4.996616e-01 
3.150000e+00 -1.500846e+00 4.344450e-02 -1.108361e-02 -5.767039e-01 -4.996567e-01 
3.160000e+00 -1.500957e+00 3.767746e-02 -6.649022e-03 -5.768153e-01 -4.996518e-01 
3.170000e+00 -1.501023e+00 3.190930e-02 -2.213644e-03 -5.769096e-01 -4.996469e-01 
3.180000e+00 -1.501046e+00 2.614021e-02 2.222593e-03 -5.769868e-01 -4.996419e-01 
3.190000e+00 -1.501023e+00 2.037034e-02 6.659754e-03 -5.770470e-01 -4.996370e-01 
3.200000e+00 -1.500957e+00 1.459987e-02 1.109790e-02 -5.770902e-01 -4.996321e-01 
3.210000e+00 -1.500846e+00 8.828968e-03 1.553711e-02 -5.771163e-01 -4.996271e-01 
3.220000e+00 -1.500690e+00 3.057805e-03 1.997744e-02 -5.771254e-01 -4.996222e-01 
3.230000e+00 -1.500491e+00 -2.713448e-03 2.441896e-02 -5.771173e-01 -4.996172e-01 
3.240000e+00 -1.500246e+00 -8.484622e-03 2.886173e-02 -5.770922e-01 -4.996123e-01 
3.250000e+00 -1.499958e+00 -1.425554e-02 3.330582e-02 -5.770500e-01 -4.996073e-01 
3.260000e+00 -1.499625e+00 -2.002604e-02 3.775130e-02 -5.769906e-01 -4.996024e-01 
3.270000e+00 -1.499247e+00 -2.579595e-02 4.219823e-02 -5.769141e-01 -4.995974e-01 
3.280000e+00 -1.498825e+00 -3.156509e-02 4.664669e-02 -5.768204e-01 -4.995924e-01 
3.290000e+00 -1.498359e+00 -3.733329e-02 5.109673e-02 -5.767095e-01 -4.995874e-01 
3.300000e+00 -1.497848e+00 -4.310039e-02 5.554842e-02 -5.765814e-01 -4.995824e-01 
3.310000e+00 -1.497292e+00 -4.886620e-02 6.000184e-02 -5.764361e-01 -4.995774e-01 
3.320000e+00 -1.496692e+00 -5.463056e-02 6.445704e-02 -5.762735e-01 -4.995724e-01 
3.330000e+00 -1.496048e+00 -6.039330e-02 6.891410e-02 -5.760935e-01 -4.995674e-01 
3.340000e+00 -1.495359e+00 -6.615423e-02 7.337308e-02 -5.758963e-01 -4.995624e-01 
3.350000e+00 -1.494625e+00 -7.191320e-02 7.783405e-02 -5.756816e-01 -4.995573e-01 
3.360000e+00 -1.493847e+00 -7.767001e-02 8.229708e-02 -5.754496e-01 -4.995523e-01 
3.370000e+00 -1.493024e+00 -8.342451e-02 8.676223e-02 -5.752001e-01 -4.995472e-01 
3.380000e+00 -1.492156e+00 -8.917651e-02 9.122956e-02 -5.749331e-01 -4.995422e-01 
3.390000e+00 -1.491244e+00 -9.492584e-02 9.569916e-02 -5.746486e-01 -4.995371e-01 
3.400000e+00 -1.490287e+00 -1.006723e-01 1.001711e-01 -5.743465e-01 -4.995320e-01 
3.410000e+00 -1.489285e+00 -1.064158e-01 1.046454e-01 -5.740268e-01 -4.995268e-01 
3.420000e+00 -1.488239e+00 -1.121561e-01 1.091222e-01 -5.736894e-01 -4.995217e-01 
3.430000e+00 -1.487147e+00 -1.178930e-01 1.136015e-01 -5.733343e-01 -4.995166e-01 
3.440000e+00 -1.486011e+00 -1.236263e-01 1.180834e-01 -5.729615e-01 -4.995114e-01 
3.450000e+00 -1.484830e+00 -1.293559e-01 1.225680e-01 -5.725708e-01 -4.995062e-01 
3.460000e+00 -1.483605e+00 -1.350816e-01 1.270553e-01 -5.721622e-01 -4.995010e-01 
3.470000e+00 -1.482334e+00 -1.408032e-01 1.315454e-01 -5.717357e-01 -4.994958e-01 
3.480000e+00 -1.481019e+00 -1.465206e-01 1.360383e-01 -5.712912e-01 -4.994906e-01 
3.490000e+00 -1.479658e+00 -1.522335e-01 1.405343e-01 -5.708286e-01 -4.994853e-01 
3.500000e+00 -1.478253e+00 -1.579418e-01 1.450332e-01 -5.703480e-01 -4.994801e-01 
3.510000e+00 -1.476803e+00 -1.636453e-01 1.495352e-01 -5.698491e-01 -4.994748e-01 
3.520000e+00 -1.475307e+00 -1.693438e-01 1.540403e-01 -5.693320e-01 -4.994695e-01 
3.530000e+00 -1.473767e+00 -1.750371e-01 1.585486e-01 -5.687965e-01 -4.994641e-01 
3.540000e+00 -1.472181e+00 -1.807251e-01 1.630603e-01 -5.682427e-01 -4.994588e-01 
3.550000e+00 -1.470551e+00 -1.864075e-01 1.675753e-01 -5.676704e-01 -4.994534e-01 
3.560000e+00 -1.468875e+00 -1.920842e-01 1.720936e-01 -5.670795e-01 -4.994480e-01 
3.570000e+00 -1.467154e+00 -1.977550e-01 1.766155e-01 -5.664700e-01 -4.994426e-01 
3.580000e+00 -1.465388e+00 -2.034197e-01 1.811410e-01 -5.658418e-01 -4.994371e-01 
3.590000e+00 -1.463577e+00 -2.090781e-01 1.856700e-01 -5.651948e-01 -4.994316e-01 
3.600000e+00 -1.461720e+00 -2.147300e-01 1.902028e-01 -5.645289e-01 -4.994262e-01 
3.610000e+00 -1.459818e+00 -2.203753e-01 1.947393e-01 -5.638441e-01 -4.994206e-01 
3.620000e+00 -1.457870e+00 -2.260138e-01 1.992797e-01 -5.631402e-01 -4.994151e-01 
3.630000e+00 -1.455878e+00 -2.316452e-01 2.038240e-01 -5.624171e-01 -4.994095e-01 
3.640000e+00 -1.453839e+00 -2.372693e-01 2.083722e-01 -5.616749e-01 -4.994039e-01 
3.650000e+00 -1.451756e+00 -2.428861e-01 2.129245e-01 -5.609132e-01 -4.993983e-01 
3.660000e+00 -1.449626e+00 -2.484952e-01 2.174809e-01 -5.601322e-01 -4.993926e-01 
3.670000e+00 -1.447452e+00 -2.540966e-01 2.220414e-01 -5.593316e-01 -4.993869e-01 
3.680000e+00 -1.445231e+00 -2.596899e-01 2.266063e-01 -5.585113e-01 -4.993812e-01 
3.690000e+00 -1.442965e+00 -2.652750e-01 2.311754e-01 -5.576714e-01 -4.993754e-01 
3.700000e+00 -1.440653e+00 -2.708517e-01 2.357490e-01 -5.568115e-01 -4.993696e-01 
3.710000e+00 -1.438296e+00 -2.764198e-01 2.403270e-01 -5.559317e-01 -4.993638e-01 
3.720000e+00 -1.435893e+00 -2.819791e-01 2.449095e-01 -5.550318e-01 -4.993579e-01 
3.730000e+00 -1.433444e+00 -2.875294e-01 2.494966e-01 -5.541116e-01 -4.993520e-01 
3.740000e+00 -1.430949e+00 -2.930706e-01 2.540884e-01 -5.531712e-01 -4.993461e-01 
3.750000e+00 -1.428408e+00 -2.986023e-01 2.586850e-01 -5.522103e-01 -4.993401e-01 
3.760000e+00 -1.425821e+00 -3.041244e-01 2.632863e-01 -5.512289e-01 -4.993341e-01 
3.770000e+00 -1.423188e+00 -3.096367e-01 2.678926e-01 -5.502267e-01 -4.993281e-01 
3.780000e+00 -1.420509e+00 -3.151389e-01 2.725038e-01 -5.492037e-01 -4.993220e-01 
3.790000e+00 -1.417784e+00 -3.206310e-01 2.771200e-01 -5.481597e-01 -4.993159e-01 
3.800000e+00 -1.415013e+00 -3.261126e-01 2.817413e-01 -5.470947e-01 -4.993097e-01 
3.810000e+00 -1.412195e+00 -3.315835e-01 2.863678e-01 -5.460084e-01 -4.993035e-01 
3.820000e+00 -1.409332e+00 -3.370436e-01 2.909995e-01 -5.449007e-01 -4.992973e-01 
3.830000e+00 -1.406422e+00 -3.424926e-01 2.956366e-01 -5.437715e-01 -4.992910e-01 
3.840000e+00 -1.403465e+00 -3.479303e-01 3.002789e-01 -5.426206e-01 -4.992847e-01 
3.850000e+00 -1.400463e+00 -3.533565e-01 3.049268e-01 -5.414479e-01 -4.992783e-01 
3.860000e+00 -1.397413e+00 -3.587710e-01 3.095801e-01 -5.402532e-01 -4.992719e-01 
3.870000e+00 -1.394318e+00 -3.641735e-01 3.142391e-01 -5.390364e-01 -4.992654e-01 
3.880000e+00 -1.391175e+00 -3.695639e-01 3.189037e-01 -5.377972e-01 -4.992589e-01 
3.890000e+00 -1.387986e+00 -3.749419e-01 3.235740e-01 -5.365356e-01 -4.992523e-01 
3.900000e+00 -1.384750e+00 -3.803072e-01 3.282501e-01 -5.352514e-01 -4.992457e-01 
3.910000e+00 -1.381468e+00 -3.856597e-01 3.329321e-01 -5.339443e-01 -4.992391e-01 
3.920000e+00 -1.378139e+00 -3.909992e-01 3.376200e-01 -5.326143e-01 -4.992324e-01 
3.930000e+00 -1.374762e+00 -3.963253e-01 3.423140e-01 -5.312611e-01 -4.992256e-01 
3.940000e+00 -1.371339e+00 -4.016379e-01 3.470140e-01 -5.298845e-01 -4.992188e-01 
3.950000e+00 -1.367869e+00 -4.069368e-01 3.517201e-01 -5.284845e-01 -4.992119e-01 
3.960000e+00 -1.364352e+00 -4.122216e-01 3.564325e-01 -5.270607e-01 -4.992050e-01 
3.970000e+00 -1.360788e+00 -4.174922e-01 3.611511e-01 -5.256130e-01 -4.991980e-01 
3.980000e+00 -1.357176e+00 -4.227484e-01 3.658761e-01 -5.241412e-01 -4.991909e-01 
3.990000e+00 -1.353517e+00 -4.279898e-01 3.706076e-01 -5.226451e-01 -4.991838e-01 
4.000000e+00 -1.349811e+00 -4.332162e-01 3.753455e-01 -5.211245e-01 -4.991767e-01 
4.010000e+00 -1.346058e+00 -4.384275e-01 3.800899e-01 -5.195791e-01 -4.991694e-01 
4.020000e+00 -1.342257e+00 -4.436233e-01 3.848410e-01 -5.180089e-01 -4.991621e-01 
4.030000e+00 -1.338408e+00 -4.488034e-01 3.895988e-01 -5.164135e-01 -4.991548e-01 
4.040000e+00 -1.334512e+00 -4.539675e-01 3.943634e-01 -5.147927e-01 -4.991474e-01 
4.050000e+00 -1.330569e+00 -4.591154e-01 3.991348e-01 -5.131463e-01 -4.991399e-01 
4.060000e+00 -1.326577e+00 -4.642469e-01 4.039131e-01 -5.114741e-01 -4.991323e-01 
4.070000e+00 -1.322538e+00 -4.693616e-01 4.086983e-01 -5.097759e-01 -4.991247e-01 
4.080000e+00 -1.318451e+00 -4.744594e-01 4.134906e-01 -5.080513e-01 -4.991170e-01 
4.090000e+00 -1.314316e+00 -4.795399e-01 4.182900e-01 -5.063002e-01 -4.991093e-01 
4.100000e+00 -1.310134e+00 -4.846029e-01 4.230965e-01 -5.045223e-01 -4.991014e-01 
4.110000e+00 -1.305903e+00 -4.896481e-01 4.279103e-01 -5.027174e-01 -4.990935e-01 
4.120000e+00 -1.301623e+00 -4.946753e-01 4.327314e-01 -5.008852e-01 -4.990855e-01 
4.130000e+00 -1.297296e+00 -4.996841e-01 4.375598e-01 -4.990254e-01 -4.990775e-01 
4.140000e+00 -1.292921e+00 -5.046744e-01 4.423956e-01 -4.971378e-01 -4.990693e-01 
4.150000e+00 -1.288497e+00 -5.096458e-01 4.472390e-01 -4.952221e-01 -4.990611e-01 
4.160000e+00 -1.284024e+00 -5.145980e-01 4.520898e-01 -4.932780e-01 -4.990528e-01 
4.170000e+00 -1.279503e+00 -5.195308e-01 4.569483e-01 -4.913052e-01 -4.990444e-01 
4.180000e+00 -1.274934e+00 -5.244438e-01 4.618145e-01 -4.893035e-01 -4.990360e-01 
4.190000e+00 -1.270316e+00 -5.293369e-01 4.666884e-01 -4.872726e-01 -4.990274e-01 
4.200000e+00 -1.265649e+00 -5.342096e-01 4.715701e-01 -4.852121e-01 -4.990188e-01 
4.210000e+00 -1.260933e+00 -5.390617e-01 4.764596e-01 -4.831218e-01 -4.990101e-01 
4.220000e+00 -1.256169e+00 -5.438929e-01 4.813571e-01 -4.810013e-01 -4.990012e-01 
4.230000e+00 -1.251355e+00 -5.487029e-01 4.862625e-01 -4.788503e-01 -4.989923e-01 
4.240000e+00 -1.246492e+00 -5.534914e-01 4.911760e-01 -4.766686e-01 -4.989833e-01 
4.250000e+00 -1.241581e+00 -5.582581e-01 4.960975e-01 -4.744557e-01 -4.989742e-01 
4.260000e+00 -1.236620e+00 -5.630027e-01 5.010272e-01 -4.722113e-01 -4.989650e-01 
4.270000e+00 -1.231609e+00 -5.677248e-01 5.059650e-01 -4.699352e-01 -4.989557e-01 
4.280000e+00 -1.226550e+00 -5.724241e-01 5.109111e-01 -4.676268e-01 -4.989463e-01 
4.290000e+00 -1.221441e+00 -5.771004e-01 5.158655e-01 -4.652860e-01 -4.989368e-01 
4.300000e+00 -1.216282e+00 -5.817533e-01 5.208283e-01 -4.629123e-01 -4.989272e-01 
4.310000e+00 -1.211074e+00 -5.863824e-01 5.257994e-01 -4.605053e-01 -4.989174e-01 
4.320000e+00 -1.205816e+00 -5.909875e-01 5.307790e-01 -4.580648e-01 -4.989076e-01 
4.330000e+00 -1.200508e+00 -5.955681e-01 5.357671e-01 -4.555902e-01 -4.988977e-01 
4.340000e+00 -1.195150e+00 -6.001240e-01 5.407638e-01 -4.530812e-01 -4.988876e-01 
4.350000e+00 -1.189743e+00 -6.046548e-01 5.457690e-01 -4.505375e-01 -4.988774e-01 
4.360000e+00 -1.184285e+00 -6.091602e-01 5.507828e-01 -4.479585e-01 -4.988671e-01 
4.370000e+00 -1.178777e+00 -6.136398e-01 5.558053e-01 -4.453439e-01 -4.988567e-01 
4.380000e+00 -1.173219e+00 -6.180932e-01 5.608365e-01 -4.426933e-01 -4.988462e-01 
4.390000e+00 -1.167611e+00 -6.225201e-01 5.658765e-01 -4.400062e-01 -4.988355e-01 
4.400000e+00 -1.161952e+00 -6.269202e-01 5.709252e-01 -4.372822e-01 -4.988247e-01 
4.410000e+00 -1.156243e+00 -6.312930e-01 5.759827e-01 -4.345209e-01 -4.988138e-01 
4.420000e+00 -1.150483e+00 -6.356382e-01 5.810491e-01 -4.317217e-01 -4.988027e-01 
4.430000e+00 -1.144672e+00 -6.399555e-01 5.861244e-01 -4.288843e-01 -4.987916e-01 
4.440000e+00 -1.138811e+00 -6.442443e-01 5.912085e-01 -4.260081e-01 -4.987802e-01 
4.450000e+00 -1.132899e+00 -6.485044e-01 5.963016e-01 -4.230927e-01 -4.987688e-01 
4.460000e+00 -1.126936e+00 -6.527353e-01 6.014036e-01 -4.201375e-01 -4.987571e-01 
4.470000e+00 -1.120922e+00 -6.569367e-01 6.065146e-01 -4.171421e-01 -4.987454e-01 
4.480000e+00 -1.114857e+00 -6.611081e-01 6.116346e-01 -4.141060e-01 -4.987335e-01 
4.490000e+00 -1.108740e+00 -6.652492e-01 6.167635e-01 -4.110286e-01 -4.987214e-01 
4.500000e+00 -1.102573e+00 -6.693594e-01 6.219015e-01 -4.079094e-01 -4.987092e-01 
4.510000e+00 -1.096354e+00 -6.734385e-01 6.270485e-01 -4.047478e-01 -4.986968e-01 
4.520000e+00 -1.090083e+00 -6.774860e-01 6.322045e-01 -4.015434e-01 -4.986843e-01 
4.530000e+00 -1.083761e+00 -6.815015e-01 6.373695e-01 -3.982955e-01 -4.986716e-01 
4.540000e+00 -1.077387e+00 -6.854844e-01 6.425435e-01 -3.950035e-01 -4.986587e-01 
4.550000e+00 -1.070962e+00 -6.894344e-01 6.477266e-01 -3.916669e-01 -4.986457e-01 
4.560000e+00 -1.064485e+00 -6.933511e-01 6.529186e-01 -3.882851e-01 -4.986324e-01 
4.570000e+00 -1.057956e+00 -6.972340e-01 6.581197e-01 -3.848574e-01 -4.986191e-01 
4.580000e+00 -1.051374e+00 -7.010825e-01 6.633297e-01 -3.813832e-01 -4.986055e-01 
4.590000e+00 -1.044741e+00 -7.048964e-01 6.685487e-01 -3.778619e-01 -4.985917e-01 
4.600000e+00 -1.038056e+00 -7.086750e-01 6.737765e-01 -3.742929e-01 -4.985778e-01 
4.610000e+00 -1.031318e+00 -7.124179e-01 6.790133e-01 -3.706754e-01 -4.985636e-01 
4.620000e+00 -1.024528e+00 -7.161247e-01 6.842589e-01 -3.670088e-01 -4.985493e-01 
4.630000e+00 -1.017685e+00 -7.197948e-01 6.895134e-01 -3.632924e-01 -4.985347e-01 
4.640000e+00 -1.010790e+00 -7.234277e-01 6.947766e-01 -3.595255e-01 -4.985200e-01 
4.650000e+00 -1.003842e+00 -7.270229e-01 7.000485e-01 -3.557074e-01 -4.985050e-01 
4.660000e+00 -9.968418e-01 -7.305800e-01 7.053290e-01 -3.518373e-01 -4.984899e-01 
4.670000e+00 -9.897885e-01 -7.340984e-01 7.106182e-01 -3.479145e-01 -4.984745e-01 
4.680000e+00 -9.826823e-01 -7.375775e-01 7.159158e-01 -3.439382e-01 -4.984589e-01 
4.690000e+00 -9.755231e-01 -7.410169e-01 7.212219e-01 -3.399076e-01 -4.984430e-01 
4.700000e+00 -9.683109e-01 -7.444160e-01 7.265363e-01 -3.358220e-01 -4.984270e-01 
4.710000e+00 -9.610455e-01 -7.477742e-01 7.318590e-01 -3.316805e-01 -4.984106e-01 
4.720000e+00 -9.537270e-01 -7.510910e-01 7.371899e-01 -3.274823e-01 -4.983941e-01 
4.730000e+00 -9.463551e-01 -7.543658e-01 7.425288e-01 -3.232265e-01 -4.983773e-01 
4.740000e+00 -9.389298e-01 -7.575981e-01 7.478756e-01 -3.189123e-01 -4.983603e-01 
4.750000e+00 -9.314510e-01 -7.607872e-01 7.532302e-01 -3.145388e-01 -4.983430e-01 
4.760000e+00 -9.239187e-01 -7.639326e-01 7.585925e-01 -3.101051e-01 -4.983254e-01 
4.770000e+00 -9.163328e-01 -7.670337e-01 7.639623e-01 -3.056102e-01 -4.983076e-01 
4.780000e+00 -9.086932e-01 -7.700898e-01 7.693394e-01 -3.010532e-01 -4.982895e-01 
4.790000e+00 -9.009998e-01 -7.731003e-01 7.747238e-01 -2.964332e-01 -4.982711e-01 
4.800000e+00 -8.932525e-01 -7.760646e-01 7.801152e-01 -2.917491e-01 -4.982524e-01 
4.810000e+00 -8.854514e-01 -7.789821e-01 7.855134e-01 -2.870000e-01 -4.982335e-01 
4.820000e+00 -8.775962e-01 -7.818521e-01 7.909182e-01 -2.821848e-01 -4.982142e-01 
4.830000e+00 -8.696871e-01 -7.846740e-01 7.963295e-01 -2.773025e-01 -4.981946e-01 
4.840000e+00 -8.617238e-01 -7.874470e-01 8.017470e-01 -2.723520e-01 -4.981748e-01 
4.850000e+00 -8.537063e-01 -7.901705e-01 8.071704e-01 -2.673322e-01 -4.981546e-01 
4.860000e+00 -8.456346e-01 -7.928438e-01 8.125995e-01 -2.622420e-01 -4.981341e-01 
4.870000e+00 -8.375086e-01 -7.954663e-01 8.180341e-01 -2.570802e-01 -4.981132e-01 
4.880000e+00 -8.293283e-01 -7.980371e-01 8.234738e-01 -2.518458e-01 -4.980921e-01 
4.890000e+00 -8.210935e-01 -8.005555e-01 8.289183e-01 -2.465374e-01 -4.980705e-01 
4.900000e+00 -8.128043e-01 -8.030209e-01 8.343674e-01 -2.411539e-01 -4.980487e-01 
4.910000e+00 -8.044607e-01 -8.054324e-01 8.398207e-01 -2.356940e-01 -4.980264e-01 
4.920000e+00 -7.960625e-01 -8.077894e-01 8.452778e-01 -2.301565e-01 -4.980038e-01 
4.930000e+00 -7.876097e-01 -8.100909e-01 8.507385e-01 -2.245400e-01 -4.979809e-01 
4.940000e+00 -7.791023e-01 -8.123363e-01 8.562021e-01 -2.188433e-01 -4.979575e-01 
4.950000e+00 -7.705403e-01 -8.145248e-01 8.616685e-01 -2.130649e-01 -4.979338e-01 
4.960000e+00 -7.619236e-01 -8.166554e-01 8.671371e-01 -2.072035e-01 -4.979096e-01 
4.970000e+00 -7.532522e-01 -8.187275e-01 8.726074e-01 -2.012576e-01 -4.978851e-01 
4.980000e+00 -7.445261e-01 -8.207400e-01 8.780791e-01 -1.952259e-01 -4.978601e-01 
4.990000e+00 -7.357453e-01 -8.226923e-01 8.835515e-01 -1.891067e-01 -4.978347e-01 
5.000000e+00 -7.269098e-01 -8.245834e-01 8.890242e-01 -1.828987e-01 -4.978088e-01 
5.010000e+00 -7.180196e-01 -8.264123e-01 8.944965e-01 -1.766003e-01 -4.977826e-01 
5.020000e+00 -7.090746e-01 -8.281783e-01 8.999680e-01 -1.702098e-01 -4.977558e-01 
5.030000e+00 -7.000749e-01 -8.298804e-01 9.054379e-01 -1.637256e-01 -4.977286e-01 
5.040000e+00 -6.910206e-01 -8.315177e-01 9.109056e-01 -1.571462e-01 -4.977009e-01 
5.050000e+00 -6.819115e-01 -8.330892e-01 9.163705e-01 -1.504698e-01 -4.976728e-01 
5.060000e+00 -6.727478e-01 -8.345939e-01 9.218318e-01 -1.436947e-01 -4.976441e-01 
5.070000e+00 -6.635295e-01 -8.360308e-01 9.272887e-01 -1.368190e-01 -4.976149e-01 
5.080000e+00 -6.542566e-01 -8.373990e-01 9.327405e-01 -1.298411e-01 -4.975852e-01 
5.090000e+00 -6.449292e-01 -8.386974e-01 9.381864e-01 -1.227591e-01 -4.975550e-01 
5.100000e+00 -6.355473e-01 -8.399250e-01 9.436254e-01 -1.155710e-01 -4.975243e-01 
5.110000e+00 -6.261111e-01 -8.410807e-01 9.490566e-01 -1.082750e-01 -4.974930e-01 
5.120000e+00 -6.166205e-01 -8.421635e-01 9.544791e-01 -1.008691e-01 -4.974611e-01 
5.130000e+00 -6.070757e-01 -8.431721e-01 9.598919e-01 -9.335126e-02 -4.974286e-01 
5.140000e+00 -5.974768e-01 -8.441057e-01 9.652939e-01 -8.571940e-02 -4.973956e-01 
5.150000e+00 -5.878239e-01 -8.449629e-01 9.706840e-01 -7.797146e-02 -4.973619e-01 
5.160000e+00 -5.781170e-01 -8.457426e-01 9.760610e-01 -7.010526e-02 -4.973277e-01 
5.170000e+00 -5.683564e-01 -8.464436e-01 9.814238e-01 -6.211862e-02 -4.972928e-01 
5.180000e+00 -5.585422e-01 -8.470648e-01 9.867709e-01 -5.400930e-02 -4.972573e-01 
5.190000e+00 -5.486745e-01 -8.476049e-01 9.921012e-01 -4.577500e-02 -4.972211e-01 
5.200000e+00 -5.387535e-01 -8.480627e-01 9.974131e-01 -3.741337e-02 -4.971842e-01 
5.210000e+00 -5.287793e-01 -8.484368e-01 1.002705e+00 -2.892203e-02 -4.971467e-01 
5.220000e+00 -5.187523e-01 -8.487260e-01 1.007976e+00 -2.029854e-02 -4.971084e-01 
5.230000e+00 -5.086725e-01 -8.489290e-01 1.013224e+00 -1.154038e-02 -4.970695e-01 
5.240000e+00 -4.985403e-01 -8.490444e-01 1.018447e+00 -2.645029e-03 -4.970298e-01 
5.250000e+00 -4.883558e-01 -8.490708e-01 1.023644e+00 6.390129e-03 -4.969894e-01 
5.260000e+00 -4.781194e-01 -8.490069e-01 1.028812e+00 1.556775e-02 -4.969482e-01 
5.270000e+00 -4.678312e-01 -8.488513e-01 1.033950e+00 2.489053e-02 -4.969063e-01 
5.280000e+00 -4.574917e-01 -8.486024e-01 1.039056e+00 3.436125e-02 -4.968635e-01 
5.290000e+00 -4.471012e-01 -8.482587e-01 1.044127e+00 4.398272e-02 -4.968200e-01 
5.300000e+00 -4.366599e-01 -8.478189e-01 1.049162e+00 5.375783e-02 -4.967757e-01 
5.310000e+00 -4.261683e-01 -8.472813e-01 1.054157e+00 6.368950e-02 -4.967305e-01 
5.320000e+00 -4.156267e-01 -8.466444e-01 1.059111e+00 7.378072e-02 -4.966844e-01 
5.330000e+00 -4.050356e-01 -8.459066e-01 1.064021e+00 8.403454e-02 -4.966375e-01 
5.340000e+00 -3.943954e-01 -8.450663e-01 1.068884e+00 9.445407e-02 -4.965898e-01 
5.350000e+00 -3.837066e-01 -8.441218e-01 1.073697e+00 1.050425e-01 -4.965411e-01 
5.360000e+00 -3.729696e-01 -8.430713e-01 1.078457e+00 1.158029e-01 -4.964915e-01 
5.370000e+00 -3.621850e-01 -8.419133e-01 1.083162e+00 1.267388e-01 -4.964410e-01 
5.380000e+00 -3.513534e-01 -8.406459e-01 1.087807e+00 1.378533e-01 -4.963896e-01 
5.390000e+00 -3.404753e-01 -8.392674e-01 1.092390e+00 1.491498e-01 -4.963372e-01 
5.400000e+00 -3.295514e-01 -8.377759e-01 1.096907e+00 1.606319e-01 -4.962838e-01 
5.410000e+00 -3.185824e-01 -8.361696e-01 1.101353e+00 1.723030e-01 -4.962295e-01 
5.420000e+00 -3.075688e-01 -8.344465e-01 1.105726e+00 1.841666e-01 -4.961741e-01 
5.430000e+00 -2.965116e-01 -8.326049e-01 1.110021e+00 1.962263e-01 -4.961178e-01 
5.440000e+00 -2.854114e-01 -8.306426e-01 1.114233e+00 2.084858e-01 -4.960604e-01 
5.450000e+00 -2.742690e-01 -8.285577e-01 1.118359e+00 2.209487e-01 -4.960020e-01 
5.460000e+00 -2.630854e-01 -8.263483e-01 1.122393e+00 2.336188e-01 -4.959425e-01 
5.470000e+00 -2.518615e-01 -8.240121e-01 1.126330e+00 2.464998e-01 -4.958820e-01 
5.480000e+00 -2.405982e-01 -8.215471e-01 1.130165e+00 2.595956e-01 -4.958205e-01 
5.490000e+00 -2.292966e-01 -8.189511e-01 1.133893e+00 2.729099e-01 -4.957578e-01 
5.500000e+00 -2.179576e-01 -8.162220e-01 1.137507e+00 2.864466e-01 -4.956941e-01 
5.510000e+00 -2.065826e-01 -8.133576e-01 1.141003e+00 3.002095e-01 -4.956294e-01 
5.520000e+00 -1.951725e-01 -8.103555e-01 1.144373e+00 3.142027e-01 -4.955635e-01 
5.530000e+00 -1.837288e-01 -8.072134e-01 1.147612e+00 3.284299e-01 -4.954966e-01 
5.540000e+00 -1.722527e-01 -8.039291e-01 1.150711e+00 3.428951e-01 -4.954286e-01 
5.550000e+00 -1.607456e-01 -8.005002e-01 1.153664e+00 3.576021e-01 -4.953595e-01 
5.560000e+00 -1.492089e-01 -7.969242e-01 1.156464e+00 3.725548e-01 -4.952894e-01 
5.570000e+00 -1.376443e-01 -7.931986e-01 1.159102e+00 3.877571e-01 -4.952183e-01 
5.580000e+00 -1.260533e-01 -7.893210e-01 1.161570e+00 4.032128e-01 -4.951461e-01 
5.590000e+00 -1.144376e-01 -7.852889e-01 1.163860e+00 4.189255e-01 -4.950728e-01 
5.600000e+00 -1.027990e-01 -7.810997e-01 1.165962e+00 4.348990e-01 -4.949986e-01 
5.610000e+00 -9.113936e-02 -7.767507e-01 1.167867e+00 4.511369e-01 -4.949235e-01 
5.620000e+00 -7.946069e-02 -7.722393e-01 1.169566e+00 4.676426e-01 -4.948474e-01 
5.630000e+00 -6.776503e-02 -7.675629e-01 1.171047e+00 4.844196e-01 -4.947704e-01 
5.640000e+00 -5.605456e-02 -7.627187e-01 1.172300e+00 5.014711e-01 -4.946926e-01 
5.650000e+00 -4.433156e-02 -7.577040e-01 1.173314e+00 5.188002e-01 -4.946139e-01 
5.660000e+00 -3.259842e-02 -7.525160e-01 1.174077e+00 5.364097e-01 -4.945346e-01 
5.670000e+00 -2.085765e-02 -7.471519e-01 1.174576e+00 5.543023e-01 -4.944545e-01 
5.680000e+00 -9.111889e-03 -7.416088e-01 1.174800e+00 5.724806e-01 -4.943739e-01 
5.690000e+00 2.636107e-03 -7.358840e-01 1.174733e+00 5.909466e-01 -4.942928e-01 
5.700000e+00 1.438344e-02 -7.299746e-01 1.174364e+00 6.097022e-01 -4.942112e-01 
5.710000e+00 2.612708e-02 -7.238776e-01 1.173676e+00 6.287490e-01 -4.941293e-01 
5.720000e+00 3.786385e-02 -7.175901e-01 1.172656e+00 6.480881e-01 -4.940473e-01 
5.730000e+00 4.959041e-02 -7.111092e-01 1.171287e+00 6.677202e-01 -4.939651e-01 
5.740000e+00 6.130327e-02 -7.044320e-01 1.169553e+00 6.876456e-01 -4.938831e-01 
5.750000e+00 7.299880e-02 -6.975555e-01 1.167437e+00 7.078640e-01 -4.938012e-01 
5.760000e+00 8.467317e-02 -6.904769e-01 1.164922e+00 7.283746e-01 -4.937198e-01 
5.770000e+00 9.632239e-02 -6.831931e-01 1.161989e+00 7.491759e-01 -4.936390e-01 
5.780000e+00 1.079423e-01 -6.757014e-01 1.158620e+00 7.702658e-01 -4.935590e-01 
5.790000e+00 1.195285e-01 -6.679987e-01 1.154795e+00 7.916414e-01 -4.934799e-01 
5.800000e+00 1.310764e-01 -6.600823e-01 1.150495e+00 8.132989e-01 -4.934022e-01 
5.810000e+00 1.425814e-01 -6.519493e-01 1.145697e+00 8.352338e-01 -4.933260e-01 
5.820000e+00 1.540384e-01 -6.435970e-01 1.140382e+00 8.574406e-01 -4.932516e-01 
5.830000e+00 1.654422e-01 -6.350226e-01 1.134528e+00 8.799125e-01 -4.931793e-01 
5.840000e+00 1.767875e-01 -6.262234e-01 1.128111e+00 9.026419e-01 -4.931095e-01 
5.850000e+00 1.880686e-01 -6.171970e-01 1.121109e+00 9.256199e-01 -4.930425e-01 
5.860000e+00 1.992797e-01 -6.079408e-01 1.113499e+00 9.488361e-01 -4.929788e-01 
5.870000e+00 2.104147e-01 -5.984525e-01 1.105257e+00 9.722790e-01 -4.929186e-01 
5.880000e+00 2.214672e-01 -5.887297e-01 1.096358e+00 9.959354e-01 -4.928625e-01 
5.890000e+00 2.324308e-01 -5.787703e-01 1.086778e+00 1.019791e+00 -4.928109e-01 
5.900000e+00 2.432986e-01 -5.685724e-01 1.076492e+00 1.043828e+00 -4.927643e-01 
5.910000e+00 2.540635e-01 -5.581341e-01 1.065475e+00 1.068030e+00 -4.927232e-01 
5.920000e+00 2.647182e-01 -5.474538e-01 1.053703e+00 1.092376e+00 -4.926882e-01 
5.930000e+00 2.752553e-01 -5.365301e-01 1.041150e+00 1.116845e+00 -4.926598e-01 
5.940000e+00 2.856668e-01 -5.253616e-01 1.027791e+00 1.141411e+00 -4.926387e-01 
5.950000e+00 2.959447e-01 -5.139475e-01 1.013604e+00 1.166050e+00 -4.926254e-01 
5.960000e+00 3.060807e-01 -5.022870e-01 9.985634e-01 1.190732e+00 -4.926207e-01 
5.970000e+00 3.160664e-01 -4.903797e-01 9.826468e-01 1.215426e+00 -4.926251e-01 
5.980000e+00 3.258928e-01 -4.782254e-01 9.658320e-01 1.240101e+00 -4.926393e-01 
5.990000e+00 3.355511e-01 -4.658244e-01 9.480981e-01 1.264720e+00 -4.926640e-01 
6.000000e+00 3.450321e-01 -4.531772e-01 9.294256e-01 1.289245e+00 -4.927000e-01 
6.010000e+00 3.543264e-01 -4.402848e-01 9.097962e-01 1.313636e+00 -4.927478e-01 
6.020000e+00 3.634243e-01 -4.271484e-01 8.891940e-01 1.337851e+00 -4.928082e-01 
6.030000e+00 3.723163e-01 -4.137699e-01 8.676047e-01 1.361844e+00 -4.928819e-01 
6.040000e+00 3.809923e-01 -4.001515e-01 8.450168e-01 1.385568e+00 -4.929694e-01 
6.050000e+00 3.894425e-01 -3.862958e-01 8.214212e-01 1.408973e+00 -4.930715e-01 
6.060000e+00 3.976567e-01 -3.722061e-01 7.968117e-01 1.432007e+00 -4.931887e-01 
6.070000e+00 4.056248e-01 -3.578860e-01 7.711856e-01 1.454617e+00 -4.933215e-01 
6.080000e+00 4.133367e-01 -3.433398e-01 7.445436e-01 1.476748e+00 -4.934704e-01 
6.090000e+00 4.207821e-01 -3.285724e-01 7.168901e-01 1.498341e+00 -4.936358e-01 
6.100000e+00 4.279510e-01 -3.135889e-01 6.882336e-01 1.519340e+00 -4.938180e-01 
6.110000e+00 4.348334e-01 -2.983955e-01 6.585871e-01 1.539684e+00 -4.940172e-01 
6.120000e+00 4.414192e-01 -2.829987e-01 6.279677e-01 1.559314e+00 -4.942336e-01 
6.130000e+00 4.476989e-01 -2.674056e-01 5.963976e-01 1.578171e+00 -4.944671e-01 
6.140000e+00 4.536629e-01 -2.516239e-01 5.639036e-01 1.596194e+00 -4.947177e-01 
6.150000e+00 4.593019e-01 -2.356619e-01 5.305175e-01 1.613324e+00 -4.949851e-01 
6.160000e+00 4.646071e-01 -2.195287e-01 4.962762e-01 1.629503e+00 -4.952688e-01 
6.170000e+00 4.695698e-01 -2.032337e-01 4.612215e-01 1.644675e+00 -4.955685e-01 
6.180000e+00 4.741821e-01 -1.867869e-01 4.254001e-01 1.658785e+00 -4.958834e-01 
6.190000e+00 4.784361e-01 -1.701991e-01 3.888637e-01 1.671783e+00 -4.962126e-01 
6.200000e+00 4.823247e-01 -1.534812e-01 3.516685e-01 1.683619e+00 -4.965553e-01 
6.210000e+00 4.858414e-01 -1.366450e-01 3.138751e-01 1.694248e+00 -4.969103e-01 
6.220000e+00 4.889801e-01 -1.197026e-01 2.755483e-01 1.703631e+00 -4.972763e-01 
6.230000e+00 4.917356e-01 -1.026662e-01 2.367563e-01 1.711730e+00 -4.976521e-01 
6.240000e+00 4.941032e-01 -8.554895e-02 1.975710e-01 1.718514e+00 -4.980361e-01 
6.250000e+00 4.960789e-01 -6.836381e-02 1.580669e-01 1.723958e+00 -4.984268e-01 
6.260000e+00 4.976596e-01 -5.112422e-02 1.183206e-01 1.728041e+00 -4.988225e-01 
6.270000e+00 4.988428e-01 -3.384381e-02 7.841064e-02 1.730749e+00 -4.992216e-01 
6.280000e+00 4.996269e-01 -1.653632e-02 3.841661e-02 1.732073e+00 -4.996222e-01 
6.290000e+00 5.000110e-01 7.844091e-04 -1.581474e-03 1.732010e+00 -5.000227e-01 
6.300000e+00 4.999952e-01 1.810451e-02 -4.150370e-02 1.730565e+00 -5.004212e-01 
6.310000e+00 4.995802e-01 3.541015e-02 -8.127089e-02 1.727746e+00 -5.008160e-01 
